8192	8217,1617,10090,7944,7541,1797,1845,8115,6206,1742
1	253,278,5276,5642,4760,4268,194,2298,5588,569
4098	3359,3143,1146,2633,8987,9012,8917,2886,2552,3133
2051	8300,8258,1012,7451,899,7988,985,1786,1496,1742
4100	1263,7578,2508,1564,2037,6206,7929,1929,1083,8273
342	322,2423,5214,753,109,5028,4582,731,777,4414
8198	2017,2079,479,4100,1492,1786,7670,8294,7772,1010
4103	6880,6215,6313,6426,3935,6277,5872,6370,3555,4090
7297	3693,5777,5214,545,6084,97,5671,373,2943,1
9	4436,402,4507,4492,674,6008,7674,4988,4690,4534
4106	9106,1244,8981,3169,1870,9389,9749,3273,8430,9568
2059	7541,1693,10153,989,1976,7944,1877,7789,8101,1739
5600	252,5534,4792,5662,5005,5151,153,4981,8,4988
8194	8021,1367,4389,7897,524,1017,7834,2020,1802,8129
6158	3216,3927,73,1330,4422,4336,4092,1783,4326,6586
4781	979,2802,2234,7566,2149,1031,8147,1657,7828,1156
2064	7940,7510,7821,6206,7696,7950,7991,899,4036,1531
4114	9244,1716,7039,6021,2248,2186,6426,1362,6627,7504
8212	7760,7789,5152,1809,7680,1158,8021,8283,8150,479
4118	3559,4206,3940,4288,3634,9351,6395,7039,2186,7310
8215	7944,1657,7655,6251,1156,7880,1263,1212,1786,448
5124	5588,4859,275,2174,84,7297,133,580,390,5005
26	544,1608,3983,439,825,5260,4414,586,326,402
7855	7991,7539,1197,6336,1752,7304,8235,2059,1857,7555
2076	7841,1197,7540,2145,4036,1918,7871,7815,7789,1366
5466	5055,2943,4818,541,431,2176,5600,5671,97,4961
6174	6304,893,4194,1458,6043,3744,6397,5507,6269,347
5	186,198,5087,4489,167,5413,5450,194,258,5538
6177	1783,1888,3874,6837,1975,4222,4208,1808,734,7421
191	1608,643,836,5639,424,4482,5626,5158,396,7674
347	7423,4204,2356,6804,3742,755,3881,7317,4206,4375
8228	1467,2846,1492,7614,1708,4769,7988,8045,7751,7821
2086	8273,5107,8247,8117,938,7667,1366,7745,2017,556
7980	7508,4579,5441,9917,901,2013,7778,1797,6294,5024
40	5783,5802,5534,5401,111,7674,5201,6062,860,2322
8233	8129,7651,5426,2149,8258,1451,1653,1212,8117,1263
43	5181,373,5281,5092,580,685,5662,252,2302,154
44	60,562,5653,753,5254,5205,4436,2174,6685,270
7780	5426,7940,8021,7454,7668,7653,7957,1170,6206,8300
4142	3936,6158,1557,6405,3752,3535,5849,3935,4878,3791
2095	5426,1059,1426,7778,7304,4538,7680,1388,7644,1918
6192	1713,6118,2730,6850,3573,1046,3630,1051,3740,7071
4145	6429,6027,1540,3809,5968,3739,5883,4090,2248,6837
4149	6340,3698,8477,3791,1975,734,1783,6720,5947,6426
8247	7672,4072,7984,7541,7930,2095,6389,10011,31,8055
6202	1557,6395,6600,6053,6406,6419,6798,6158,1362,8477
2107	7584,7930,3763,7730,10090,7969,7897,2051,7549,4848
60	146,342,2262,9,5459,4492,5092,149,325,300
6154	383,3905,5889,347,3893,4118,4114,3808,3533,5990
6206	7425,985,1353,7969,1238,8083,1082,971,1170,997
6837	1046,1402,6395,7504,6770,4345,3698,6478,6400,3494
4160	2943,148,746,742,4683,5777,5276,278,4961,760
2113	9445,5371,452,1848,3312,1307,2849,3068,2899,3296
8258	7451,7828,2013,1327,4445,2047,2147,7539,7738,8266
7179	1763,9250,4098,1252,8764,2378,3360,1417,9445,9165
971	2059,498,1617,4100,5441,7465,7494,7651,7513,7776
6215	6313,2217,6363,1931,6304,6398,4375,3824,3588,3231
4924	289,4830,559,4818,5181,4489,5788,2200,342,643
73	6202,6397,1546,6850,4721,1476,6600,3927,3555,3784
8266	263,8043,1992,4781,7747,8283,2137,6185,7985,8214
7863	1657,8258,2149,5152,9917,7304,8139,7760,479,7543
76	1139,4092,4425,4294,1028,3961,3936,3652,3782,4461
889	9654,9793,3080,9497,3271,8407,2782,2505,9144,9203
6224	6617,3494,4345,1481,6021,6835,2251,4222,6016,1424
8273	8283,2017,524,8158,8179,7566,2037,985,8194,556
82	7734,541,720,9932,845,270,4760,2267,3869,554
7425	7661,7780,7871,8033,7613,1918,7543,7563,7712,8055
84	2176,6960,252,97,4792,674,419,831,58,4859
4110	7061,3154,6990,3808,4336,3216,1370,1231,1996,3863
6231	3494,6674,6065,1481,4082,3535,6419,3986,6400,4222
2137	7841,1461,7776,8010,235,5682,1366,7725,7555,7772
91	5723,133,342,4409,2943,5488,5254,5166,298,427
4188	1931,4110,2212,6098,6383,6470,6770,6282,7340,3555
6240	5922,3821,6617,3782,6053,6154,6637,2993,5990,4090
97	4600,4489,10017,5296,5715,5026,4924,5260,777,3869
4194	3652,2386,6871,4422,4294,7421,6529,6085,3740,3874
2147	7613,7758,2051,1327,7780,1262,7540,7817,2508,7602
2149	1976,5425,1992,1897,4848,2846,7751,4100,1531,9917
8294	330,4848,1742,1929,1897,1059,1012,5398,7454,8115
103	2231,5102,5703,4406,845,82,252,7674,5755,5662
1724	1004,2020,7304,1327,7863,8212,3763,948,8158,990
2322	4659,158,121,5433,4414,5013,123,1608,860,354
6251	263,5585,8117,7944,7760,8043,8266,1769,7563,2013
4204	1713,4341,3686,5816,4188,3533,4078,1975,6617,3767
109	717,253,146,5158,1410,2262,5802,2423,167,649
4206	1481,3655,6587,4878,5889,3791,3589,4090,3788,5767
6255	7504,4194,3752,6053,5947,4110,3961,2212,6366,1286
4208	1139,4341,9784,7310,6558,2335,7504,3555,3744,3800
360	232,743,2226,5623,270,3693,6411,5130,5131,307
4213	755,4326,4110,4337,6406,1713,3655,4375,4078,4721
2409	8677,2502,1163,1331,1148,1848,3023,1961,882,7214
120	5808,3935,6111,3746,3573,3874,2844,1046,5927,6529
3424	9351,6154,755,6627,6313,3824,3739,383,6025,1816
5682	2079,1105,1324,2183,7584,1857,1682,7991,7644,7841
123	4634,4988,4985,121,396,4760,377,270,5249,4436
6268	347,3548,3997,1888,6449,3940,6111,1996,2993,5957
8317	8413,9143,2552,2362,3383,8595,2968,8610,9605,8673
4222	4000,1816,3961,3951,4323,6773,6990,1485,3482,3559
4223	4461,1476,3533,6429,3986,5872,6529,1051,4145,4340
2176	1608,366,784,4900,4859,176,1410,84,4489,5232
4227	2207,6268,2217,6215,6637,4461,918,9244,3708,1424
4228	2217,6370,1996,3698,6269,6446,6445,6408,5889,1319
6277	76,6529,6770,3767,3562,6470,3788,1943,7071,6586
2183	7772,1877,7540,7432,1831,8212,4848,7721,1492,3073
6282	6085,3581,5872,1841,6914,1975,3614,6140,4341,3594
3778	1977,3029,2439,8815,1136,2555,2761,2542,8987,2691
4239	1557,3900,6491,5990,6269,1713,3609,3482,4206,3535
146	720,5336,275,5087,649,580,5296,643,7297,5617
4243	5816,6011,2270,3746,1591,3819,4288,6313,2356,1028
8340	9497,1146,2409,8430,3498,1357,2825,2749,8317,3018
149	22,559,4409,4968,146,323,722,5314,4600,5538
6294	7560,1531,7966,1752,8294,7575,5682,9895,7841,2079
8217	1353,7549,7721,6336,8266,1708,7984,1083,943,7541
8344	2462,9976,7111,2899,2470,2707,9648,1429,2934,3402
153	5783,5226,5698,4500,825,194,43,4845,5488,4596
154	5276,396,124,5,5802,545,1410,4482,5564,1851
6299	3990,1931,4515,6770,3589,4092,1144,7371,1424,4340
1451	8192,7696,7815,997,1845,7712,8115,1992,4769,2183
3824	3708,1943,4222,6140,6395,3881,1139,3548,2248,5947
158	177,5028,2226,5413,5723,237,5433,572,3693,4818
4255	3588,6268,3860,6720,1975,1373,6990,5968,9784,3542
6304	6177,7050,3961,6011,6990,5990,4255,2251,4294,3377
2212	1286,1601,3742,4228,3444,4294,6720,6357,2217,1402
165	580,322,2191,2226,674,10017,5639,58,834,726
167	4993,149,278,5281,165,5206,5671,5276,742,580
6313	5872,6363,5990,5889,6025,5993,9351,3581,1370,5947
8362	7214,3273,6742,9605,1357,2470,416,9440,2881,9015
4268	326,4845,5072,2176,121,5254,4659,831,5131,5777
2418	8273,1189,4100,7897,7988,7543,8300,7613,1690,7991
6318	3961,3630,1888,3346,1485,4118,3641,7421,4206,8477
3961	4515,5880,3614,6043,3785,3888,4319,1636,3800,1859
176	360,836,4841,5026,5748,5564,5013,146,6960,58
177	5703,5281,2203,5488,5639,307,6647,5564,580,618
8370	1952,974,935,3279,9440,3360,2866,3351,9687,2550
7539	7437,7758,1769,8215,1353,6294,4036,7653,4389,2149
8373	9839,9249,3260,1757,3331,2832,3404,8370,9937,1307
2231	806,1608,121,3871,325,4900,4910,5131,586,3576
4280	8179,7479,7930,7776,1531,948,2097,8064,8117,7948
7540	1324,1570,8258,1197,7930,971,7855,4519,1845,2147
186	4436,742,3869,82,4600,7674,562,6062,1410,5028
5151	43,5281,6084,270,5276,2174,167,4406,4492,153
7644	7578,474,8215,9895,2111,10054,7966,7948,2037,9917
189	97,325,5151,5739,5102,4482,545,223,40,4981
373	572,5131,5739,5393,5005,232,334,307,517,289
4288	6586,4306,4082,2471,5993,3771,9351,1591,2844,3708
194	278,165,5010,189,44,8,6084,617,720,5466
7789	7912,1845,2508,8294,7873,4538,8064,7652,4519,8081
6340	76,1402,7340,3936,4337,6240,6439,7061,3652,3951
4294	6202,952,6798,6269,6340,3231,3961,6192,1458,6408
8391	1252,1977,2362,2816,8839,8493,882,2555,1848,8987
2248	6154,5993,9244,3673,2646,6299,5957,1859,3821,1783
9932	4160,649,298,468,5013,5626,5705,5130,4482,5276
2251	3559,1230,1373,6837,3950,3961,3935,6177,5957,3782
7202	1258,3271,1962,9286,3083,2505,2439,6742,9271,8885
4985	5459,7674,148,158,340,559,4659,4961,674,4414
209	544,4596,685,665,5450,5283,5755,5296,154,4910
4306	4208,3961,1485,6240,6366,3893,76,6269,7371,5807
4131	4215,3800,6098,4721,1931,6383,6091,1866,734,1996
6357	1286,3121,2248,6804,3990,6835,3494,4145,3708,4243
2262	191,6084,431,7734,123,4993,806,544,342,5622
8407	2816,3498,2885,4098,3260,2876,9165,3143,6058,1956
6363	4239,6586,3555,4206,4288,3961,2646,6770,6027,6304
8413	3169,3237,9286,1147,1870,8654,3397,8677,8370,8610
6366	2251,1373,3555,6282,4223,1975,6953,6098,6439,5927
4319	3940,3800,6397,3649,5939,5947,5507,3614,2251,4145
8062	1739,7727,7513,556,8194,7699,8129,985,1897,1084
6370	3997,6989,6277,1485,6313,6990,6098,6894,5893,4103
4323	4145,1783,1540,6850,2270,3899,1808,9188,6025,6053
1062	4100,7948,2008,2051,1156,7454,7529,989,1780,1327
4326	6282,6598,7340,3216,9628,4717,3548,4337,3278,9696
232	3693,5698,300,5538,127,4495,6525,517,4418,5201
4476	4114,3698,6586,3739,6627,6215,4110,3533,6529,3609
235	1492,1923,7555,6353,7745,1388,2183,8294,7863,8117
237	2262,91,2292,5617,298,834,7674,2280,2231,5038
8430	1575,5980,1821,9793,2916,890,5976,7098,7150,8925
8431	2921,7118,9440,1953,9689,2881,3157,3018,8788,1821
4336	6880,4006,6255,4255,4721,9244,4103,6043,1458,76
3112	1321,8559,2408,8730,1120,1562,3287,2832,9286,2899
4340	6282,2730,5993,6043,2646,2251,3785,5939,3927,2335
4341	6406,3936,2207,3655,2730,5507,3785,4228,6804,4194
8	4600,366,4859,5542,5124,396,4495,5705,153,5336
6185	2145,7543,2064,2076,7886,7969,1531,7758,1110,7468
4345	4294,3609,3961,1139,1380,3874,1601,6491,1557,6154
2298	4690,5623,4489,5314,4948,2191,270,5715,5072,784
6395	6720,3874,6478,6021,1841,3742,1072,4306,2217,6304
252	580,726,5674,4841,10017,4406,127,456,366,586
6397	6429,6357,4721,3581,6439,3444,3940,6240,3950,6478
6398	1485,4142,7504,3444,4422,6085,3808,1783,3771,3326
6400	7421,1713,4243,1231,6268,3788,1370,7061,6773,3997
8449	3302,9106,2439,8673,2766,9687,5371,3383,3112,1763
258	5013,5232,40,4837,84,307,4993,5214,1410,617
8235	8055,8214,5426,7719,8033,7772,1388,5441,5024,8129
6405	2207,6010,3990,1808,6990,6400,1028,9244,1319,3744
6406	6529,6798,6268,3725,6850,3935,3278,7061,6429,1330
263	7614,1023,1919,6333,1388,1170,1617,9917,6206,8036
6408	5985,4078,1231,6318,3609,3788,3562,6154,3752,6586
6411	44,4659,8,586,5466,186,5626,5005,4600,192
2434	2778,9301,2749,1977,2582,8730,1848,2789,2465,2573
270	5715,5264,646,4818,2423,5281,5783,699,366,6008
3555	1370,1458,6091,4461,6043,4223,4340,1713,1975,3740
6417	6158,2474,4319,6313,3874,7504,1046,6118,1362,6970
8397	2582,1870,2515,3224,9106,8732,3445,3526,2832,8851
6419	6027,6177,6449,6158,1144,4084,3961,6140,1943,3824
5166	5783,97,343,731,4683,5336,359,5226,121,5466
6422	6366,4228,9351,6445,1540,4345,3961,4336,6471,3785
4375	4422,6395,6340,6140,4878,230,6586,6798,6027,3535
280	60,816,4968,223,186,340,5283,4406,468,4268
6426	5939,3746,6370,3990,6397,3730,6587,3189,5807,1051
6429	6065,4717,6357,3494,6370,5896,3444,1931,6455,3792
2335	4425,6383,4227,6088,3609,3891,6617,6299,3744,6990
289	6008,559,722,717,84,4988,2231,60,468,5755
4830	325,5450,7300,4418,5249,5777,280,5639,402,617
2342	1426,1918,8214,1531,7468,7830,7821,8129,7991,2013
6439	893,3573,6894,3730,6357,6990,1230,6011,3655,6094
1851	189,4904,825,5330,2200,5568,191,5249,176,7297
298	177,5739,6525,569,133,5205,4507,5662,7300,4910
300	831,354,191,121,544,40,836,60,517,5739
8493	2582,1206,8969,2832,3419,2782,1525,8624,1120,3169
6446	4319,6395,3788,3771,9784,6370,1783,1481,6804,1975
4579	10054,7738,4848,5024,4349,4036,4669,8083,6922,7821
8496	976,1086,2362,7098,8799,3038,9165,2470,3526,2718
6449	5880,2993,4145,6529,3935,6231,3562,4213,1557,6871
307	5206,617,4409,4659,4492,270,5181,5201,836,530
2356	6586,5957,1783,3874,952,6088,5985,6304,4142,1841
734	1028,6282,952,3630,6397,347,1783,3746,1230,3767
4406	4961,2176,3693,618,5534,5802,471,1410,4845,439
6455	3542,1943,5883,3098,734,6529,6313,4222,4215,6600
4409	5249,554,4690,5039,334,471,2292,743,5166,563
2362	8493,3260,8566,1251,8370,2612,2588,2916,8344,9050
4411	6449,383,3899,3545,2207,4223,3742,3974,1373,1713
2364	2707,3498,3157,3112,2876,8686,907,7111,1961,416
318	5038,753,4634,5232,5101,258,743,4507,2231,4453
3693	146,5124,5617,10017,586,109,4845,2262,82,5715
2368	8917,9249,2629,1258,2856,8868,1884,1668,8981,6058
7930	1084,1010,8194,979,7602,1083,7510,2802,9917,2021
322	419,6685,5639,253,5617,743,4841,5283,5013,5026
2943	97,359,720,5296,559,9,223,26,5698,845
325	5642,760,323,258,2423,5072,5117,5039,5739,5201
6470	3594,4326,5935,3573,3219,3634,3326,6075,6011,5939
6471	4340,2186,4227,6174,6445,7071,6408,3819,6202,2471
6473	6617,3752,3377,1975,5896,1139,4717,5889,2471,6837
2378	2434,1575,7099,8449,2860,8799,2837,3029,9445,452
1325	1882,31,7540,2149,1327,7948,5107,7432,2008,1857
6478	5893,4092,8728,6446,6529,3882,4878,4721,4319,7071
397	109,621,4268,4859,831,258,8,5087,5201,685
7529	990,7789,7555,2107,8215,2802,1857,7855,1987,989
2386	6804,4323,3444,6400,6357,3581,3655,4306,3725,1636
4436	4401,3871,5443,191,5158,4993,784,194,4482,237
6558	3555,3698,7039,6255,5767,6850,3739,7421,4476,4425
343	4799,5330,1608,5087,643,40,4830,670,554,5317
6491	5939,3785,3278,4337,3782,6439,4375,3655,1816,2186
58	87,2423,7734,5304,5350,153,5124,6525,2262,6554
2399	882,9143,8827,9790,2825,3133,2378,9749,1956,2586
4349	7969,1447,6725,7897,7668,1831,7560,2076,1367,4560
354	1,834,5703,2174,5698,7734,253,246,4948,5283
1083	8214,479,8045,7812,1742,7745,8081,1152,8228,1327
4453	43,326,4985,674,9,5401,1851,396,5283,91
359	84,5739,148,4910,5124,10104,4961,743,4830,5249
2408	8431,1074,1562,2439,2526,2364,9471,8496,2462,7225
8553	972,8407,2868,2707,5980,2837,1520,9687,9647,7202
362	7454,7584,1327,2342,8214,7873,1421,2017,2027,1682
363	4848,2418,4072,5107,1687,1447,1882,1752,948,1653
1366	971,2111,7747,2079,899,7578,1923,3293,8021,7821
4461	4306,6835,3742,6299,76,6025,3690,1458,6075,4223
366	760,388,167,4683,5072,825,6960,580,816,5481
8559	2967,976,2782,2794,1042,3932,8981,3169,3279,2633
8562	6058,2868,2849,7177,9301,2968,3778,1524,3083,6767
3134	3512,2916,8397,9471,2505,3224,3402,1524,7184,3083
8566	5371,1763,2766,3399,7099,972,1962,1375,1961,1776
2423	1851,760,127,4418,5783,4981,4683,5072,133,5671
4473	280,5802,4968,58,621,5626,5488,586,103,5443
2426	1304,1570,10043,5426,3763,2076,9917,7950,1023,989
2111	10043,1531,330,800,1152,8212,5425,7468,5107,7969
8572	8815,2515,2937,2808,2690,3018,907,8969,8629,1793
6525	237,5600,6084,4993,649,91,5260,6411,4549,402
383	3804,6268,3652,893,1231,3900,2772,4239,5930,1330
6529	3549,6408,1816,4411,4306,4239,3860,9628,4319,4721
8578	1146,889,2399,3237,7202,2707,7214,2586,8827,9497
388	26,5705,396,186,44,617,5674,836,5226,6008
390	103,471,359,388,4683,5671,4845,4500,4818,127
2439	9689,1642,2586,4106,9301,2937,9249,5980,9793,1429
4489	359,194,6647,4859,84,559,510,5568,471,5131
5264	670,4495,860,4837,2423,252,646,10104,621,373
8587	9271,976,3526,3383,8686,1910,8431,3112,2113,8407
396	322,3576,5671,5039,5459,4924,5450,4418,617,1851
8589	2794,2495,4106,8362,9787,2885,1148,3279,8562,1848
4495	5542,278,4859,5201,4993,209,246,4414,342,192
402	1410,334,4690,5723,5588,4910,1,4818,541,189
8595	8629,7111,2565,2555,3476,9015,3778,9165,8610,7301
4500	4436,5703,746,149,4418,377,5538,5039,5201,2200
2457	1120,1321,1524,1278,1054,2462,3273,9605,3271,9937
6554	4473,4492,280,4859,742,2423,359,834,366,5293
4507	91,834,6525,6554,2298,5459,4845,22,149,4904
5398	1421,7432,7815,7575,4445,1367,4560,8215,2020,7652
2462	3185,8732,3312,2671,1838,8587,9839,9749,9271,882
416	1642,2478,2945,2690,3397,9976,2550,7225,3399,8764
2465	9583,1642,8946,2545,8391,2682,8373,8572,9203,8987
8610	1349,9790,7106,8624,1120,1136,8799,8449,3476,3380
4515	6318,2977,6395,1591,7340,3935,6804,6304,3098,5807
2470	1668,9033,976,2573,3331,2789,9249,9271,9203,2690
2471	6098,4078,3899,3874,6990,2977,3598,3542,3997,6383
424	5181,87,127,318,468,4500,4659,5038,5783,5600
2474	3961,1943,2251,4215,6370,4206,4118,8728,7340,6422
1095	4375,893,3673,3746,7504,6586,2248,3482,6600,3657
2802	7950,7780,1325,1367,5152,6333,8055,7494,1023,1156
2478	1961,3287,1136,2399,3243,8925,3419,2536,7214,1375
431	26,6685,5802,4993,4414,3576,646,22,4924,2322
8624	5371,1146,9286,3331,2478,1593,9687,2866,8680,1206
2481	3323,3083,2682,9749,8624,1086,2465,1270,9050,3018
1012	1189,8179,7543,7960,1366,7948,8103,7730,1809,8214
1992	1687,7578,7828,7719,7948,4280,6333,7468,4036,7960
8629	3380,9714,9068,1504,2590,1307,3526,974,2542,2832
5131	4841,2262,4160,359,258,5130,5055,6411,6062,5260
439	2203,4690,5317,753,232,124,1410,4600,563,5038
1780	6251,1570,10043,1809,5425,2086,1742,7980,971,1316
6586	3535,1808,1140,3154,6798,6953,4411,6154,1975,3821
6587	4006,6674,3881,5880,3997,3535,6255,4208,3598,6400
2495	3312,8981,2368,2470,2776,8391,2612,9445,3351,1252
448	1769,7513,1105,7817,1197,2508,8139,7988,7539,1682
2498	8610,9271,1525,1524,3273,6058,2682,3932,2727,1043
452	9702,1244,1307,2439,3273,4106,2565,2582,2921,3287
4549	4968,4482,5376,5674,334,726,5488,4659,4473,6960
2502	9714,8969,1252,4106,3087,8578,3273,3348,2816,2886
6600	6835,1424,4341,76,3935,6400,6304,7061,3614,1330
2505	2778,8572,2462,8807,3193,9169,9493,9687,1223,3348
2508	1021,8198,1010,8036,524,7950,2183,448,4519,954
5538	4723,586,760,5653,5124,26,2191,253,471,322
8654	1331,8764,8969,8340,3400,1147,8732,8925,9301,3112
2512	3169,7214,1148,2505,6767,1952,1321,1512,1064,2498
5880	3690,1373,3746,6408,3326,4239,1859,5935,6598,5872
2515	3778,3380,2544,1321,3351,2498,9301,2881,8946,3360
468	5101,318,4534,2174,5005,743,26,5249,1,4924
471	2943,26,5124,5653,649,670,6960,5201,618,580
6617	3800,4227,918,3927,6318,9188,3690,3535,9628,3771
474	1082,5152,1325,1262,7789,7940,7897,8179,6206,7539
1786	6336,1189,524,7708,997,5425,7672,7725,7661,7652
2526	1870,8466,6742,1763,1953,2368,1642,1086,8493,9314
479	1084,7873,5149,6333,7863,8215,235,448,7940,899
2529	2718,9106,1321,2868,7202,8413,8610,2550,2782,2881
6627	3744,3533,1713,3746,6398,4340,3882,4336,6970,4092
8677	9647,1258,2718,1206,3083,2967,8629,3080,7106,9445
4582	5623,554,4845,572,580,4489,4900,2231,4799,674
1105	8158,7778,1923,7672,7880,7541,7465,474,330,7479
8680	3271,3087,2462,8413,3380,1953,8730,1838,8732,2937
6567	3533,76,5990,5767,6098,6395,6053,6192,4345,1931
1367	1324,7950,8129,1325,7602,8021,8117,7772,2086,1653
6637	2248,6370,1931,3641,3562,1716,4319,4721,2993,6397
8686	8885,1977,1136,3043,3410,8673,972,7111,9445,1206
2544	2945,2565,8807,3271,2702,1977,1086,2876,3296,8391
2545	2995,9545,1251,1812,2515,8730,3029,9143,1504,3932
498	7725,7727,7560,8300,1082,7602,8115,10090,1105,1657
4596	1,4900,198,6411,5568,6525,43,5100,5413,5124
2550	1730,3932,8559,3037,1504,8680,3419,2776,8413,8407
6647	631,4268,10124,562,4981,5283,388,4900,275,5249
2552	3273,976,1177,9615,8610,2934,2718,3042,3419,3526
2553	7177,1959,3287,1884,1584,2828,1252,2542,3498,1074
2555	3402,8466,2897,2553,3068,8825,8496,8317,2718,2776
510	562,124,834,307,5026,4659,427,674,253,4904
9301	3445,9106,1278,9250,8654,1146,2481,8572,8589,3302
2562	2868,4106,2727,8788,1375,2828,1074,882,9012,3273
427	2226,5350,26,784,5568,2280,6525,7674,177,816
2565	9568,8680,8716,1524,2515,2364,1357,2718,2612,1064
8710	9714,1349,7225,8496,1763,8562,2434,8566,1642,7213
5889	1546,3730,1888,6529,4078,6021,6478,4222,2207,7071
87	5087,149,806,7300,4436,5623,359,167,9,4453
8716	2553,452,9389,3273,9687,9493,907,2399,7115,9568
2573	9654,974,1321,1177,9445,3133,8496,2868,2478,1757
563	5622,5232,4160,5534,4900,5788,5802,127,4981,5401
6674	3649,3641,893,6798,3935,6473,4336,6269,3785,6871
6574	7421,1713,1319,5985,6990,5947,4319,6600,6215,6340
2582	1977,2897,1848,8370,8768,2886,1838,2478,1512,3412
8728	6277,3800,2186,6154,3739,4103,6397,1330,3821,3154
1004	2020,7980,7747,4445,5024,5152,10043,8045,7780,1693
2586	3038,2515,2502,2856,2913,2691,9214,3243,2816,9440
8815	1375,7184,8595,1524,8868,8946,1429,9271,2439,2498
2588	2761,9249,9497,1103,8839,3134,8815,1584,8595,8768
6685	167,836,5005,834,5623,165,5087,9932,5013,258
2590	8839,2555,2565,1357,8397,1913,1086,8562,8946,9789
1797	2086,6353,1739,8117,7541,4579,990,1987,2064,7950
544	4988,4507,307,91,84,471,298,3983,813,5038
6576	1231,4288,2646,3863,9696,1051,4326,2248,3784,6473
8283	1919,2183,1304,5149,4538,899,7985,4349,7437,7454
4519	8266,7575,1238,1919,5426,479,8036,1017,2013,948
5542	4818,5249,1608,237,2262,5600,4792,5130,280,471
10043	7991,1496,948,1809,4560,1657,2111,1919,1012,7560
554	5534,2200,4988,253,334,5010,123,538,124,322
5350	360,2298,5214,5538,722,5622,5703,813,97,5617
556	2508,1447,5398,1690,971,1780,1325,2051,4389,2064
7602	989,1797,2008,1447,1551,2802,990,2342,1802,7738
2606	3023,1146,1349,1357,2536,2967,3402,1525,3412,3133
559	111,5802,439,699,4160,153,6647,5249,4409,6084
7944	1752,1742,2342,8283,1327,7432,7821,2095,1617,1197
562	26,5276,4482,743,10124,5538,209,323,586,678
4659	559,572,743,194,5450,325,5723,2292,6525,5671
2612	1593,8413,2582,3399,8851,452,3080,7213,2702,2465
2825	2776,2749,8885,9711,2512,2399,3476,1043,1103,1417
569	834,4818,191,396,5087,2262,4418,424,777,5600
7543	8266,8273,1366,1158,1316,2079,1570,2086,7880,1421
8764	7111,2856,8946,3086,7179,2512,7177,8430,1884,9144
4669	2137,8228,7776,1366,3293,4445,7760,6609,1845,4280
4445	800,7863,1451,7950,7960,1724,1687,10153,2064,8198
8768	2761,1953,9143,8391,8624,3029,9169,9654,1838,6742
580	784,9932,127,3871,5674,148,2302,5264,4492,424
2629	1524,3380,1270,3018,2825,9471,7179,2495,3237,416
2145	8233,1496,1367,7778,6206,7659,7873,7730,7540,6609
2633	3351,3476,2498,2462,3133,9214,907,9787,8677,8654
586	5028,6647,4818,300,5276,4453,5260,5459,354,322
4683	753,775,5232,816,278,468,5488,4837,5013,44
8780	8825,8981,9789,1297,8730,3445,3271,976,9440,1331
1929	1653,1353,7667,10011,1451,1034,8300,5682,8158,4349
4690	2226,58,323,5092,665,4904,334,855,5010,2203
8788	1525,2544,7099,1848,3498,9314,2885,2555,9271,2565
227	103,60,4549,813,4409,5131,4760,5413,5092,4482
6742	2778,2526,3312,3157,1321,2439,2937,1177,2505,2913
4538	985,1797,4519,8217,903,2183,8139,1657,6333,7812
8799	8407,2916,9376,3402,9214,7150,7118,6742,2690,1821
784	5304,5201,5617,3871,6062,9886,252,813,146,2423
8807	3133,1512,9169,3323,2816,3243,8431,2885,9711,8764
617	58,4683,5488,191,4414,5623,563,419,3869,4690
618	4690,586,517,158,397,5642,5013,4683,5626,2292
4717	5968,76,6417,6970,6021,4326,4145,3098,3951,5896
2671	2434,8730,9583,2629,7213,1642,9976,2682,1593,3360
4721	3231,7071,3812,7340,3216,4336,7310,4227,6989,2356
6770	6231,4223,5816,230,3641,4336,2270,4239,3936,3444
4723	5802,860,397,4981,5010,5,58,5534,121,123
8477	6091,3767,6382,6637,6439,2335,1546,6445,7071,3752
6773	7071,6215,6558,3533,6576,76,3891,6299,4878,6471
631	167,834,97,4659,5723,617,58,2423,5481,586
8825	9711,8917,3397,2606,2937,3271,3237,3080,1953,2718
2682	2606,9702,1575,8496,1054,1399,1136,2761,9749,9711
8827	1252,2612,2498,8413,2897,8969,3023,9203,9545,1042
2837	9214,2682,4098,1776,2545,1074,1562,2113,8629,2727
2690	8595,3932,3526,1679,3043,3139,1959,9376,1594,7202
2691	2968,2766,7214,3380,9141,1793,9214,8730,2481,1399
646	7297,5281,439,165,572,343,4830,366,6411,377
8839	8595,3512,9389,8825,3323,935,8673,1148,8680,2782
7614	1023,7602,4445,8010,3073,474,1189,2017,1742,8217
649	189,5226,665,5788,60,5748,743,5260,2174,7734
1931	7071,1975,4336,6363,1362,3545,4118,6617,4078,4243
2702	3498,8430,2727,2612,3778,1504,8344,2408,7177,9648
7897	6185,1976,1877,1687,1617,1171,1531,6389,7437,1919
7960	1786,2079,8139,7672,6353,7884,4349,1653,1929,985
1531	2149,6251,1012,2147,6336,8043,2013,448,4560,7780
8851	3143,8716,4106,1258,2434,7202,3445,7225,2825,1086
6804	4294,4422,6240,6382,5957,6720,3739,1481,4118,4194
127	5296,192,4406,722,397,4596,678,5653,4845,2174
665	4453,562,538,726,258,253,4904,5653,5623,177
22	5488,5698,5755,7297,545,4818,5564,4401,165,439
111	456,5028,517,5296,4634,258,5226,3869,318,40
2718	9487,2633,8572,9787,3185,8587,2825,2457,2856,9169
7621	1152,990,1171,7751,2086,2111,7960,8192,1742,10054
5232	153,6525,3576,685,554,4924,97,165,5459,326
674	232,836,699,198,4981,3576,223,97,760,7674
8868	8710,3778,7106,9789,9141,3260,8827,9068,8732,3312
6598	6383,3888,6397,6574,1424,6770,6419,3791,9188,6085
678	5166,670,5055,270,5249,2322,5260,5158,176,154
2727	3080,8680,3042,1042,1594,8413,8851,9687,9326,889
2730	7039,2248,1866,3581,1481,6773,3771,3891,5939,7071
685	5,322,510,5124,5276,111,5055,4968,325,366
3869	5317,4507,5087,618,165,6554,2200,5130,189,1851
1682	7725,1034,1923,7712,8300,7655,943,1059,7468,1769
456	2280,5488,158,439,396,4968,8,278,373,5393
6835	6529,1540,3189,6471,5862,3935,6053,3545,1546,4223
8885	1594,2573,9250,9440,9790,7106,9654,3086,1223,2586
4792	5226,6554,6084,5450,5488,621,5748,5304,5100,2200
699	431,427,2302,4409,777,4690,5260,424,289,743
2749	7227,3445,2816,7106,9106,8780,8673,9654,9545,1163
4799	424,4924,1410,5206,4837,153,4904,742,5626,4492
6850	5883,3792,6268,1051,4239,2212,6299,6065,3686,4345
7969	5398,1918,1170,8055,7549,7873,10153,1004,8139,556
2761	9787,8885,3512,9165,1504,2690,8680,1584,2776,8496
4215	5767,3673,1230,4375,6617,4336,3882,1975,6720,2186
3874	5935,3771,3098,1485,6098,3809,6174,3940,3278,3891
2766	1524,3224,3512,3412,8981,8868,2967,1679,2562,3404
2767	416,1793,3015,3279,8788,2808,7213,2586,2816,1163
720	4507,4414,5283,5249,5151,722,5232,419,5777,5087
722	5130,198,753,4845,468,4981,5564,91,4534,5117
2772	4306,7071,6277,3662,1370,4103,3346,4204,3905,4215
8917	7099,7202,9249,2408,9250,9793,1375,8466,5371,8578
726	2943,22,4160,559,722,2174,643,5276,377,674
6871	6091,3444,6021,6417,6011,6224,3630,2386,7039,7421
2776	8686,9839,2816,3410,1148,3778,1223,3296,9654,9790
2778	2866,8431,1961,3068,8466,2462,3412,2766,2550,3015
731	2322,334,258,5639,44,227,390,252,4818,342
8925	8710,8344,882,2586,2536,9286,2934,5980,9376,2439
2782	3023,7098,974,9749,1730,8815,2876,1147,2633,2916
6880	2248,1144,6174,2217,918,6445,2386,4411,4326,3740
1488	6299,3940,3974,4515,6025,3154,6970,3690,2474,6118
2789	2515,3410,3419,889,3383,1307,9497,2457,1848,1331
742	2176,91,760,541,4690,4904,5459,97,5276,4683
743	275,2302,5674,4659,9,4534,359,58,227,5232
4841	4948,860,586,5,7674,43,431,806,544,4760
2794	9249,8686,8969,8430,2529,1148,3169,907,1270,2682
1831	7510,7727,5441,1531,1786,4445,2086,2426,800,1158
2207	5767,6192,3927,1488,1458,3824,3216,6340,3891,4110
4845	111,7674,5005,4961,5254,154,176,4830,5698,4500
6894	3792,4078,9351,3598,2248,3326,3562,3662,3881,4114
6269	6043,7039,6471,2248,5816,6363,3573,1144,3860,1488
2800	3718,5862,7340,6773,3598,6025,5805,3874,6094,5957
753	5100,10017,5038,4160,674,2262,1851,7297,133,40
8946	2837,1642,3271,8732,416,5910,9487,1054,2515,3402
755	9696,3804,3533,5883,1347,3785,3641,6174,4306,2212
2174	569,545,5226,9932,5283,5617,4268,5376,176,4818
7708	4669,4072,4769,498,7668,1769,8033,7950,7929,8090
2808	3143,8430,9687,9141,7301,1349,1668,2555,1307,8780
1492	8215,1316,2047,2013,3763,2234,4519,2342,4445,2076
4859	855,149,5166,343,246,541,3693,722,678,4904
5930	1402,1996,1931,4878,6366,6586,6118,1943,3655,2386
5481	562,427,6008,4414,4683,5788,2200,5783,5802,3869
2816	2690,1913,9143,2573,9680,8587,2849,6767,7213,3080
6914	4337,1347,3121,3154,5927,6798,6010,1046,734,6773
5072	60,5304,4760,5393,2176,5028,816,4634,373,5100
775	87,5588,4659,5283,5350,586,813,5777,366,5698
8969	8624,1054,1429,1321,1120,8391,9568,8370,9937,7106
6922	8217,3073,263,7566,7563,1708,8115,7817,1184,989
2828	2876,2778,3512,2582,1429,9711,3348,7179,2364,1953
4878	6366,4319,6989,2186,3698,2356,3708,3742,3740,3935
2832	2555,3312,1054,1147,9711,2789,3037,7184,2408,2552
8981	9714,8780,8430,2881,8493,8885,9144,1074,9789,2606
3545	6637,1716,3961,4110,1975,3494,6075,6192,5507,3698
1156	985,1918,7454,8294,7708,4036,9917,1831,7651,1367
8987	9790,9787,7115,1763,1147,1562,1321,2690,1757,3087
2844	6471,4006,3444,4145,1286,3927,6224,3216,7050,9244
2846	7578,2086,4389,2147,6333,1617,1017,2051,524,7828
133	5777,300,5254,82,186,10017,1410,158,97,7300
800	4848,7543,7988,7680,5441,7613,474,8214,8043,7747
2849	1952,1163,3143,416,9314,8764,2782,2573,2545,8413
7984	1158,7821,4072,7494,7655,979,1004,5426,7940,1653
4900	2231,746,5393,4634,541,5039,326,366,674,5124
1158	2008,4036,7812,1170,8217,7494,7651,1017,5425,1918
845	5748,5443,5131,5249,4837,5466,3983,2203,6685,541
7985	8147,4848,8036,7549,7602,1809,2137,8043,8215,7817
2856	8981,9605,976,2866,2362,9440,3157,2837,2550,9583
6953	3189,6422,6576,9188,2474,3588,1139,4223,3377,4341
2860	8839,3243,1520,2555,2633,3068,2690,8677,8362,935
813	5698,377,6647,3983,289,621,5039,4799,5010,10104
4910	26,4596,5102,5124,2267,784,103,5568,5698,618
816	5304,5117,4582,4482,402,5283,5674,5249,5350,4401
5642	742,5350,343,87,340,5481,2302,2226,158,9932
2866	8807,2707,5980,1504,2573,2465,9143,8553,1952,3134
5939	6363,230,3657,6231,2386,3641,7421,6439,3809,1888
2868	1147,9493,452,9141,3380,2481,8449,7111,3037,3086
9015	3018,3351,2702,1297,8815,2825,1148,2526,3932,3043
9012	2362,7214,3237,8610,8589,2588,3271,2968,8413,3399
6970	3555,6674,6914,1546,1476,5930,4006,1231,347,4255
2876	8413,3351,2515,2555,9687,9050,2886,3778,1953,2945
2186	6065,4204,3819,4375,3905,6192,3744,4090,3785,4319
831	2267,3693,252,223,148,390,855,270,678,8
2881	2727,2682,8344,2368,8677,2465,8397,1244,7099,3023
834	5459,6525,731,153,2943,2176,5588,5802,198,366
836	154,4436,10124,167,4489,5013,4414,4985,5317,855
2885	2512,2761,3526,972,2565,2606,1642,2778,1307,8677
2886	3015,3397,2590,2995,9839,2671,8407,2515,8780,3279
8673	8730,7225,3237,3139,3087,8370,1148,2629,1103,8827
9033	9326,1959,1668,976,2555,1730,2542,2881,9647,9314
6989	3641,4090,5947,4103,1330,3614,2356,2730,3742,4243
6990	383,7421,1859,3718,755,3782,1546,3771,6627,1931
2897	9583,882,8868,3312,2808,8562,9389,2968,8407,1524
2899	7150,9286,3383,2462,882,3359,3526,3112,1821,1251
4948	5296,167,148,4482,4473,5739,165,5131,7734,227
855	402,3693,186,275,617,5350,4534,323,4910,4473
9050	2457,9326,8885,2542,1297,889,2590,5371,9568,8946
2191	227,5542,5124,258,322,5703,4948,2943,192,6084
860	186,4507,825,258,5232,753,4799,5087,194,5117
10153	2183,7871,1017,1797,1802,1882,1687,362,2508,7661
2913	4106,2825,974,9314,9012,1961,2495,8730,8373,2866
5947	6382,2217,1370,6011,6970,6398,6600,6674,1996,6914
2916	9050,3323,8572,8344,2498,1177,2945,3015,8317,9615
121	5588,253,5151,5092,84,563,325,5783,5534,5124
4968	82,419,5466,194,354,5788,5755,280,4507,3693
2921	2439,8815,7115,2553,2478,3296,8340,2545,8595,1307
7655	1021,1923,7948,954,7651,8101,7602,448,1367,4100
9068	7202,2707,2515,7179,8827,2573,1562,2498,3932,8732
7598	7465,1184,7751,1987,1687,1238,7957,263,7680,7747
2536	8686,8764,3778,2868,1524,935,2766,2767,1884,1399
882	890,2718,8764,8710,7202,9790,2707,2399,2481,2916
1171	1367,8033,7834,6353,1170,8283,2027,7540,7575,8194
4981	860,618,5181,3576,127,726,6411,4760,1851,60
2934	2553,1812,2545,2968,1763,7177,8589,9615,8654,3179
1845	8283,1263,7539,7529,7432,1084,1570,6353,8036,1551
2937	3271,3038,1913,3419,9144,1504,1884,1520,3476,9249
890	1120,3112,8885,2899,9583,1776,7099,9714,2690,8815
2939	1362,8477,3800,4006,3740,3154,1557,1713,6140,734
4988	5777,5205,3576,5588,5087,670,4845,10124,5739,4492
893	3698,3785,5935,4227,3792,4326,2356,6914,6617,1095
7039	3788,3278,3927,1713,3154,4721,5947,1557,6419,3792
2945	9493,1594,7177,8885,3397,8340,1163,1297,2590,8825
7659	7880,2020,6185,8043,6333,7834,2145,1802,1184,1564
901	7621,2234,7751,3763,1059,8115,1084,8198,7985,7969
1857	1316,2013,7613,4036,8043,1653,8212,7780,1447,2846
7050	6576,6202,6445,5816,3791,734,6111,1783,3649,893
907	3087,3402,9301,3068,9789,1074,3360,7099,8587,1504
5005	246,2262,354,253,855,5588,4859,4683,699,2943
2200	5433,325,167,4723,5703,5622,777,388,5623,834
9106	7111,3400,3112,3397,9033,3312,2606,3157,8624,5910
2542	1120,8407,3080,2409,3359,1959,9583,3112,8340,2590
918	1557,4188,6473,1373,3821,6478,4336,3562,6397,4721
2967	3399,8807,1278,3224,1042,9143,8732,3029,9389,3287
2968	8566,3018,9680,8466,9250,2536,2502,9839,2671,2553
8214	1426,4538,10011,7721,1531,7830,5152,4669,7652,6725
7071	6470,6558,1330,4223,3641,9628,5883,6268,3482,3744
5024	363,1325,7508,7738,8215,2013,7425,7950,1724,7510
2977	3098,6268,3771,7423,3673,4878,2646,1144,3555,1402
5026	6554,580,4910,2267,154,91,186,397,5542,10124
2203	237,813,177,258,4968,5705,9886,5802,4818,323
5028	227,127,530,5376,6084,5783,831,10017,4760,6554
4600	252,5674,359,2226,4549,26,5626,4993,5232,5642
990	2059,8117,4538,8283,7680,1110,7670,7991,1156,1059
935	3302,3331,1793,9214,9568,2555,2671,8885,1163,3383
31	1845,1263,1923,971,2013,2342,8235,7886,10043,8139
938	1831,7751,7772,8147,4519,8215,1467,7655,1897,8294
538	153,343,340,5777,2298,621,4414,5039,5783,5466
8010	556,7929,1170,971,7758,7873,1105,4519,8258,1082
5038	2262,4760,10124,186,323,7674,813,2231,5534,2298
5039	4473,5671,5723,4948,4534,4830,10017,618,4401,538
2993	6065,2474,1458,3725,3986,6567,2772,5805,3588,3216
2995	2536,9326,1575,7225,8391,4098,2702,8370,1043,8827
948	2051,1327,8117,7760,7563,7721,6251,263,4349,1786
9141	8868,8799,8587,1953,8373,1504,2465,1884,3399,2885
4848	2183,1752,7725,7575,7960,985,1742,1923,8115,1212
9143	3237,2702,1206,2612,7111,8839,9165,9471,2995,2968
9144	972,1642,7179,9714,8344,2498,2828,6058,8885,8825
7668	6922,1687,1059,1197,2418,7712,7651,7897,8045,1012
7098	2916,9654,9389,3476,9545,2937,8673,8851,8431,1884
7099	2612,1258,3296,1524,2364,9615,2562,2553,8587,8430
7465	7613,1786,4280,8081,8158,1084,1324,1083,7432,2097
3573	4142,1028,3874,6177,6016,4461,1330,4239,1783,6192
1184	7880,2037,7508,2145,7912,7812,8117,5585,7815,2802
7106	8654,9605,2586,9647,1504,8716,1848,3134,8851,882
963	3279,7150,9976,2776,2707,2778,2789,8587,2498,7099
7886	2508,1388,1708,1724,7725,474,7529,5426,8228,8247
7670	7776,7985,8129,7789,1857,1496,7680,4781,524,9917
7111	3112,9711,3037,8572,2691,7177,2707,9301,2868,3038
3018	3224,8732,2718,9376,2553,1776,2586,3296,8868,3400
7115	1297,5980,1594,2766,3086,9789,1375,8799,2921,2545
972	7118,2529,2886,8839,1838,8578,2378,2860,3583,1953
9165	3302,3193,1910,1321,3279,2606,3498,2778,2457,9647
974	3331,2633,3087,2399,8466,416,2409,8987,7177,8917
3023	8344,2606,1906,3402,2529,8686,9680,1074,2378,3383
976	8716,9839,2481,2794,8373,3476,1244,2526,3083,9165
9169	2934,2408,1074,3399,1962,1251,9271,9012,8344,1848
979	8273,7751,1012,1752,2021,4739,2418,1780,7721,6609
3029	2462,9654,2727,2113,9286,3023,5980,8317,8799,3260
1601	2356,6382,3905,3927,6094,1476,6098,4000,4188,6154
985	7880,1492,7549,7948,1929,4538,7712,7738,1105,7479
3037	7106,2399,8317,3193,2937,9583,9937,8788,2885,3402
3038	5371,3348,9106,1074,9143,3279,3287,9937,2612,1512
5087	471,845,4818,390,146,562,5072,158,2423,44
3042	8587,1258,8732,8815,7179,2945,1838,3380,3526,3260
3043	1147,2860,3169,3348,2457,9445,5371,3476,7177,2881
9188	4243,4000,6429,3494,9244,6111,4375,1713,6837,3555
997	1262,7539,1010,971,5682,7661,1708,1004,2051,8062
4534	5674,5538,431,5276,784,4600,5028,631,6411,252
2079	1059,1809,2111,2086,7721,363,10090,2147,1987,7529
5100	4985,4406,5788,5466,2176,825,4549,4268,5117,307
5101	6960,860,3576,40,1608,742,424,5130,562,5281
7150	3271,3410,3237,8917,6742,1043,9015,2362,8827,2782
3581	9857,4411,3098,2977,3652,3800,5805,6016,3377,3518
7508	1742,4280,7651,1152,7560,498,474,8266,8214,943
1010	5152,1653,7425,7510,10090,990,8158,7655,1857,6922
9203	8780,9702,3512,8370,2536,3179,2515,1668,452,3932
4739	7465,2059,2008,8062,979,330,7680,8247,2149,2079
2217	6558,1072,3655,3652,1636,3936,1888,4878,3744,3535
1017	7477,1857,7738,2183,800,7584,8010,7644,2008,8081
3068	2495,8373,1575,9545,8340,2550,2860,2378,1593,3015
5117	149,9932,5376,2203,825,530,777,5777,109,5181
9214	2691,9050,3383,2718,2671,2881,7301,935,9790,1679
8021	7863,2234,7725,4280,7651,1325,7451,9917,7747,7708
5626	5087,6960,2176,334,60,699,4495,860,177,189
825	334,26,2943,5662,325,670,5450,5264,845,4830
1028	3752,6382,2386,4204,7371,6094,5883,6340,6871,6970
7672	7454,4848,7880,8198,1171,8235,1010,5426,7563,7984
1031	7944,8214,2426,7644,1238,7745,6294,1551,8010,7560
3080	8466,9214,3476,1297,8496,2498,2682,9647,1838,9068
7177	8946,8589,2837,935,8362,1375,2545,2552,2536,3279
5130	323,5671,5330,3576,4401,5723,5181,2302,4830,563
3083	9376,9497,882,2529,7111,974,9471,2505,2828,2691
3086	3193,1884,9012,9497,3498,9714,1043,1331,9250,1417
3087	2881,2934,1147,1349,972,8559,3042,1504,2767,9440
7184	2778,2885,8370,9203,3179,2588,8391,1953,3112,2828
1042	2368,6767,9068,9680,9301,8610,3359,9143,2776,9790
1043	9445,1042,1524,8987,2849,6742,8680,1848,9012,9711
1046	6471,5930,2356,3098,6177,7371,6478,4294,2646,3821
5013	722,402,397,5401,280,2280,5639,1851,4495,845
3588	6098,5807,4717,918,6383,2207,6370,3326,2800,6304
3098	1319,2844,6192,6400,893,3216,3533,6773,7310,7050
1051	3888,3589,5993,6850,6370,4092,6417,6835,5767,734
9244	6600,3708,4078,3652,5872,3819,3482,3614,6177,6478
5149	4848,7988,2027,498,7653,7659,8235,1690,7880,8212
1054	3331,1593,963,9106,8466,2789,2606,3312,8732,2629
3589	893,3740,3673,1028,1370,6617,7423,3812,4345,4476
5152	7834,7960,948,7680,7966,8217,5024,8043,1059,1353
9249	9787,3410,8562,2553,9493,9314,2816,9615,1793,9654
9250	1270,9050,2866,2671,9141,1812,2562,2457,8799,1906
1059	8158,8062,903,1802,1653,989,7661,8033,31,7991
5158	586,4268,753,186,4414,189,388,2943,4473,198
1064	8732,1074,2552,2789,2876,3287,2368,8344,963,9169
1884	9568,9141,2937,8589,2782,1668,1163,3380,9687,9680
2013	4072,362,7817,2097,7929,8021,2047,8083,7699,1082
1617	7745,7991,8150,2079,7540,7948,8083,8062,1786,1919
7213	882,1512,9015,2364,3412,8407,1064,1357,9680,9471
7214	8407,9687,8493,9497,1074,8566,3133,1054,7098,9749
124	5588,845,396,4492,26,4659,569,5206,4841,153
1072	6370,1347,3950,3278,1139,3482,1713,6478,6970,6158
3121	6011,6075,1231,918,4227,7039,9188,9244,4082,1713
1074	8407,1120,7115,1147,3134,9250,2897,3260,1136,7225
989	8194,7873,1923,1327,1012,1786,7465,899,8192,8179
1877	1467,1238,1447,1929,5024,1682,8045,7575,1919,1353
9271	3323,8572,1251,1223,2457,1884,2378,3279,1668,7184
7225	9471,8362,8466,9143,9711,3348,3068,1278,1848,8815
1082	4280,7944,4769,6251,8043,7778,1780,4538,6353,8158
7227	7177,8673,2481,9648,9714,3260,3397,2945,9144,9687
1084	5107,1802,7479,8103,7873,901,1212,2095,2846,1877
3133	935,2409,3402,2832,1977,2860,2778,2606,1812,9654
1086	1959,9702,8466,2399,1429,6742,8868,974,1054,1776
377	191,2943,237,5028,760,753,1608,26,227,5166
3936	2977,3673,3573,1888,1481,3588,5896,6202,1319,383
3139	3086,1244,2478,8788,2921,8677,2967,8868,1953,2767
9286	2789,907,2828,9271,9214,1910,1120,9033,6742,9165
3143	9249,2832,8839,8610,8578,9326,8987,1838,2505,8407
1447	7708,7880,1170,2111,800,4445,8083,8273,2418,2095
524	4669,7940,7451,1156,7950,1262,2076,7454,7828,7560
4401	5010,4268,541,2203,6084,4818,4968,6525,5376,5166
1103	2671,1962,2439,2113,3412,2690,2868,3083,9250,2849
5201	326,58,5314,5206,186,40,123,6685,10104,5072
3154	1231,1808,1144,3905,6471,1816,6085,4476,2217,3444
3157	2860,8686,1064,1103,1504,3351,9249,1730,1906,9648
5206	4489,325,9886,40,5401,5459,5639,275,2280,4534
5872	7317,2386,5805,6587,1996,8477,5957,4288,6111,7039
8036	2037,7304,2137,989,1461,8021,1421,1031,4769,1690
621	834,760,746,5072,189,377,5102,10124,545,5293
2234	6922,7454,8101,6389,8217,330,1023,1083,4579,1531
5214	6525,806,2174,5181,5443,4799,4818,43,7300,5092
1120	3412,2515,7179,8493,8946,3445,8732,2586,8730,2761
3169	1043,2512,2470,3419,3380,8449,8391,1906,8317,3331
9314	8825,2502,2542,2766,2995,1252,1148,1642,9487,3237
7751	6922,1780,954,1212,1034,1012,362,7644,2418,8198
1212	8045,8228,7477,1797,3293,7712,7760,1752,1189,1897
5226	9886,2262,4600,825,4596,2176,246,6647,5662,631
3179	2832,2727,2828,3037,2495,8566,3015,1042,2868,2866
7880	6922,1929,1617,7494,7841,989,8247,8147,9895,7778
530	4900,5102,87,5330,4948,5264,154,6411,726,3576
9326	1838,2582,1206,9376,3015,9680,3312,5976,1399,1821
6333	1739,7863,1366,7776,2086,7721,8215,1012,1017,4538
1136	8629,9789,9106,2498,2886,1399,3380,416,2778,2866
3185	3312,8807,5980,2515,8466,1913,2794,1429,3237,8716
1139	4476,3812,5957,1716,4142,3744,2977,1808,3791,6426
1140	2386,3874,1601,3899,4461,5935,2993,3940,4206,6094
3189	3377,1488,1424,3927,1051,1816,4288,6021,4084,1476
1897	8147,7699,10043,979,938,4072,1388,2021,4036,1564
1144	3219,4721,6027,1888,1139,6202,3581,6363,5896,3888
3193	9326,1668,2399,3083,8466,2573,2899,1977,2828,8716
1146	1375,963,2702,8686,2828,3397,8839,890,2766,8496
1147	9301,3348,8362,1956,2550,2378,9169,8788,8732,3383
1148	1838,3404,3287,9487,2778,9789,8730,2886,9839,2718
1557	6445,6140,4084,6567,6850,6880,3900,4142,5990,3740
1152	7680,5152,1263,4389,7745,4560,903,8103,7437,263
192	4841,4988,360,5542,4473,855,5264,5538,5226,674
7300	4799,253,270,4600,5622,646,10017,22,6411,209
7301	1776,8710,2409,1349,8868,3526,2586,1177,9012,8397
5254	427,4900,559,517,4473,554,6525,5376,5158,5642
9351	6304,7423,3767,1380,1485,3881,4255,3997,6065,1330
7304	7985,7566,1189,7751,1017,1171,7940,7944,1752,7880
1163	3331,2612,2876,9165,2937,9790,9583,3037,9440,889
5260	2302,665,5674,198,6084,6525,121,5131,1,775
7310	3535,6021,1816,6405,6871,5922,2474,6016,5927,6363
3216	7071,6140,4878,2474,6417,5985,6576,3549,6850,1488
1170	3293,6336,7479,8090,6922,1809,2008,8212,7886,7834
3219	4000,5922,5872,7039,4110,2186,6426,4476,6268,4515
7317	1488,3573,3900,3641,3860,3752,6586,4717,3791,6304
7745	7884,2020,1031,7834,2111,6609,7812,8215,899,556
3224	9648,2934,8344,3237,1297,8553,4098,2409,7118,3399
1177	2916,9545,2749,2470,889,3312,8397,1321,9144,1962
5276	158,586,366,4489,1,4453,5755,5038,1608,278
8730	8340,4106,1321,2113,1357,8716,2876,2885,2565,3134
3231	3548,6140,4142,3874,5922,6529,6478,3588,2844,4149
9376	8825,3029,2378,2702,1848,1136,2778,8344,2470,7184
5281	4830,4723,2262,177,572,5723,5715,232,342,60
5283	836,1410,4818,123,5802,845,133,468,2280,97
3237	3287,2545,9106,8686,9647,2876,1258,2629,935,2552
7541	2027,7655,971,7948,7699,938,7465,7897,7425,8158
8732	3402,2682,2457,2565,7099,2553,2526,8466,1504,2995
326	2280,813,253,4436,5206,300,191,5466,586,4418
3243	452,1146,9711,3419,9497,2512,1884,9839,1525,2849
7340	6405,5507,3231,6439,6154,1458,6600,3990,3555,6970
9389	3526,3778,3360,3287,2362,3397,2749,2113,2529,3271
541	227,4690,731,5214,340,4792,439,665,343,5100
5296	1410,2203,4985,5283,2298,569,743,26,4582,133
6382	6558,4878,6224,4461,3581,2646,1601,3739,2217,3935
5662	5376,4453,5260,191,4723,419,5028,258,4904,3693
1206	1147,3224,2544,935,9286,452,9497,2113,8466,7225
5304	6685,326,198,5350,5130,4845,2280,554,388,5413
717	396,517,4900,9,87,4799,4659,1410,133,860
3260	2573,8987,8610,9314,1148,9497,3237,3412,8493,2816
5314	2298,5459,7300,717,4534,396,5010,5100,2943,777
5317	2322,4534,569,4401,26,777,5564,5450,4436,111
3271	1103,1668,3087,2967,3512,2856,5371,3038,7106,9440
3273	3083,2856,2849,8431,3133,8610,1270,9654,8885,3279
7371	230,3216,4103,1716,7071,1144,6674,3891,3808,1601
3278	1347,3812,6970,9628,6880,3899,4000,3951,5872,5808
3279	2495,8562,7179,2968,1206,3359,2478,9615,3169,1043
6008	4988,87,253,554,7300,2262,4507,816,5283,360
5330	354,4690,825,275,307,836,5276,194,253,9886
7578	1158,1325,5426,7780,1687,7721,7886,1682,10011,1897
1230	2335,9696,3788,3809,7039,4084,6422,6871,2844,2646
3860	76,1808,5767,755,3824,3784,6383,1540,4337,7317
3287	2761,2937,8732,6742,1642,2718,9068,1525,1163,3410
5336	5028,845,5393,340,674,5622,232,439,5542,5232
1231	4114,4078,4515,6953,6091,6382,4425,6574,6269,6340
1244	3043,2478,3296,3086,6058,8839,2586,8362,3260,2794
3293	997,7871,901,2079,10054,1010,989,1845,1170,7465
9440	8827,7213,9033,3296,8629,3042,9545,3179,8768,7225
1251	8496,3323,2876,1417,2633,8732,3312,2789,2544,3043
1252	9583,1357,8764,9615,7213,1136,2495,2362,1163,8851
9445	8496,7227,9583,3015,9839,8553,6767,2897,8566,2481
3302	3351,2582,2565,2776,7115,3038,9250,9050,8716,8624
6353	7772,8192,1877,1570,1156,5425,10090,7980,8266,5682
1258	3476,8562,7202,9787,1793,2945,3302,2512,1884,9389
5671	5283,743,753,5124,431,232,5802,4948,4981,342
7680	2017,899,7760,7621,2802,1388,2020,7613,1170,7539
1262	5107,8212,7812,8214,1769,7468,7789,7510,1797,4560
1263	8129,7830,1426,1353,7884,948,479,990,2183,4538
3312	1952,2767,9314,1910,1417,9376,1575,8466,9271,9286
5293	4406,109,396,10104,5674,275,419,270,186,246
1918	2086,7991,7655,7680,1653,7708,7494,7812,2037,1158
1270	3279,8496,2837,2832,2761,3397,2408,2364,2886,3445
148	91,580,685,4534,2943,784,559,7297,127,2226
3323	882,2789,8946,8716,7177,2682,2782,2816,1278,1321
7421	1481,9857,1302,6558,3562,1636,734,6299,6990,4082
1278	2808,2629,9568,3323,1054,1575,9106,7106,2362,2502
9471	3083,2749,2868,2707,8362,2113,3419,2542,2702,8946
5376	5293,124,270,5013,2298,5783,223,6062,318,82
8064	1083,938,8090,7948,7667,7652,7969,7563,7966,1831
2226	6525,7674,4760,123,325,2191,343,354,5350,4690
3331	1258,1594,9314,1730,2876,8553,9497,2582,3445,8680
1238	948,2017,8064,8103,7944,1426,8217,8194,4781,7566
1286	6010,1591,3634,5889,4323,3690,6426,7061,6953,3535
4993	5777,2226,5413,5087,5336,121,5124,2423,9886,617
7432	7304,1845,7834,1152,235,1010,1184,3293,7886,8158
7437	1316,1570,8117,8194,2149,7988,7644,7727,1897,1158
9487	8686,9583,3400,2808,1906,8493,2707,1776,1177,7118
1297	8397,3512,8362,9143,9647,8851,8589,2866,9689,1206
3346	6340,1230,4323,3545,3518,3326,3690,5927,5896,4340
899	7708,7454,7957,7751,1004,4769,4739,8300,1653,7563
3348	3169,2995,3402,7213,2886,2945,3068,8807,6058,1962
9493	2588,1848,1562,9012,9106,2671,1148,3323,8629,3169
1302	3725,4228,3559,4090,6400,5930,6192,4515,6990,6804
3351	974,8493,976,1956,8610,9793,9711,3018,8553,8624
1304	7991,7680,1693,10054,7566,1010,1797,7778,448,7817
9497	1258,2934,3397,2502,7225,3179,2886,1870,3400,9012
1307	1848,9143,3185,9680,2995,2897,7118,8799,1776,2789
5205	717,4659,5026,258,275,5413,2231,5124,5254,246
5055	5166,541,4818,5564,569,5783,5459,4414,307,554
3359	3410,2409,8566,1952,2868,1679,1120,8716,9545,1870
3360	2899,2789,2439,9250,2526,1054,8431,3302,8917,8732
2267	5662,4841,334,289,340,2322,5542,4634,4582,5653
1316	2086,4519,1366,1158,1724,997,7988,8043,8064,8103
5413	424,5705,4904,4948,720,5283,2231,5450,845,5674
1319	4110,3804,1808,4319,1557,6470,6446,4114,3860,5985
1321	2562,3445,8572,2968,3323,3087,3360,9141,2868,7111
903	4519,1708,8300,2020,5585,7886,7812,4280,2342,2097
7468	1083,979,4579,948,899,7957,2047,8062,8090,7725
7730	1327,6185,7651,2064,7432,6922,1263,2051,2508,2111
1327	2020,7465,800,2017,7980,6333,1461,8083,2183,263
3377	1540,9857,3888,3655,7423,5947,3231,3278,2217,3559
1330	3545,4188,1546,5872,5889,5893,9188,6140,2939,6154
1331	2767,2816,1757,3323,972,3399,9314,8925,1074,3043
3380	7184,935,8629,9789,9286,8981,9271,3498,3412,2478
2270	6025,6770,1783,4103,3588,734,73,3742,5957,1481
3383	3133,2921,7098,2481,2690,7213,8362,2408,1043,1163
4818	665,5181,167,3869,538,4489,373,87,4985,5131
5433	5281,298,5671,471,5249,22,153,563,5260,5538
223	5802,4453,5715,4993,148,685,5401,720,726,82
3296	8493,9605,9445,2776,1977,2544,2586,3323,2690,9389
1034	7751,7708,1105,7508,7884,2020,1708,1992,5152,5149
1347	5893,1139,8477,6043,3767,5883,6990,3673,3652,3863
4837	124,325,777,6525,198,5087,5201,563,5674,6960
1349	7213,935,2498,7202,9654,9440,3383,2545,1074,2515
7494	7760,7871,1857,7680,7780,7984,1197,1882,2846,8147
3399	3402,1977,8780,2529,3348,9793,5371,9033,2913,8654
3400	1959,8768,3397,2590,7214,2542,1258,2767,7184,2368
9545	8344,2612,8654,2866,1953,7213,1525,3037,9144,9687
3402	9141,8562,1223,3179,2897,9976,9376,7177,9790,2478
3404	3445,2794,8610,1524,1375,1270,9937,2967,9471,1146
1357	1594,2409,3169,9615,3023,8407,1331,9471,2629,3015
7504	6600,4721,6011,3860,6422,9784,4000,1144,4717,4243
3410	5980,8807,8987,452,5371,9389,2553,2825,1977,3399
5459	5039,5698,722,298,82,5,510,4401,439,5723
3412	3287,3400,8925,2544,2832,2582,9012,8572,9648,8673
7510	7834,2802,6333,5441,1263,7668,1467,7304,7575,7712
3641	7423,3742,6558,5883,2356,3771,7340,3533,6075,2217
7513	1742,7727,1786,2802,7834,1017,7644,1421,7479,4739
1370	4326,2800,6277,5930,2270,6405,3154,3649,755,6720
3419	9493,8925,9106,2881,8344,1953,9648,3133,1512,2778
1373	5872,3278,4188,6398,6576,6439,4208,9244,6617,3940
1375	3112,8788,2562,1251,3476,890,1668,2776,3043,3134
9568	1953,2502,1821,9376,9389,7184,7098,8925,1593,5976
1380	3189,5816,4204,3936,3216,6154,6804,5862,2356,3997
230	3278,3860,6011,3874,3662,4188,6880,4288,3216,2800
8081	7479,474,1451,901,7969,1708,1564,5426,6609,7817
572	7674,419,643,5317,5393,777,5350,82,431,4845
760	726,5087,2298,149,4659,5715,342,5376,44,4418
1388	8283,4560,6725,7539,7834,7980,7513,8090,7699,1919
5010	834,431,562,4489,699,4924,278,559,5715,7300
9583	1103,1812,2782,9787,2794,9033,8578,1642,3271,2789
5488	402,5330,717,5124,4406,5662,4961,192,4659,2267
2280	5249,5777,4482,2200,5748,4968,209,4418,5039,326
8083	474,7948,7468,7575,7821,1461,1564,7760,2342,7725
3444	6111,4294,4103,1808,6011,3804,6600,6304,4084,5767
3445	8493,1959,8815,2555,8553,2457,3419,9214,2368,8397
1399	1593,2707,8610,2544,8732,2434,8827,1147,9445,1962
1564	7555,1919,8235,4100,8266,1802,7575,1447,7680,524
1402	2212,3997,3482,3936,3549,3809,1975,2474,2270,9628
7549	5425,7929,1110,2079,7747,448,7980,1388,4769,363
7061	6880,4213,5893,1373,4208,4114,6989,5889,3791,4341
7821	7991,8103,4100,1551,2037,498,363,8129,1021,1531
6720	3630,5507,6366,2474,4222,4239,7310,3581,1716,5883
1410	554,237,5662,227,2174,4792,4406,1851,5376,326
5507	1713,6016,3518,6382,3725,4243,2993,7310,3649,4425
9605	2816,8407,9647,9471,1054,9015,8566,8466,7214,9389
3649	3804,3927,3746,4223,3594,7317,6065,3888,1636,1931
5980	8466,3083,8925,9471,2364,3043,976,8407,2633,1223
1417	1575,9839,2794,8449,3038,9214,1962,2945,9680,2782
7563	1031,1238,7566,362,1929,7880,10011,2802,1353,10054
1752	1897,7812,7855,1017,7747,7652,1570,2086,7494,1197
1421	1083,1564,7929,7871,7780,1012,1657,498,7451,8081
7566	1690,4579,1366,903,2418,2342,5425,4781,2097,2508
9615	9937,2545,3445,2899,2362,2945,2916,9839,972,1594
1424	3819,1783,6357,6400,3189,4422,5767,6282,6277,4721
1426	8158,7988,2107,8247,2802,7948,7510,8212,7477,7929
323	148,5010,9,831,845,342,360,4507,121,1410
3476	5976,2876,1399,8851,3271,9615,1763,1520,7225,3302
1429	9976,1906,8589,2586,3139,8595,9689,1962,8373,2849
7575	3073,6206,7828,8081,5107,8062,1062,7513,4769,2059
3482	4114,918,2335,6011,6798,3216,2772,6075,5893,4243
6383	3893,2474,3542,6370,3800,4323,4721,6065,6470,4103
9628	3630,3549,2217,918,3746,3936,6587,3905,1931,3231
5534	4723,5206,5005,6554,4760,377,5715,194,419,390
6725	989,7477,9917,8194,8300,7437,2107,2027,6336,1262
7584	7644,7871,2027,7661,1059,8147,7966,2004,1929,7578
3594	6277,6255,3555,3424,6395,3535,1931,3804,7061,6422
3494	2212,6576,6025,8477,3562,5862,3782,5805,3655,3785
4337	6419,3573,6016,6118,4222,3785,6025,6318,6837,5767
3498	890,2529,2702,8559,2515,2886,1417,3080,1086,3359
5703	580,617,3983,559,209,82,2262,91,10124,4948
746	307,1410,109,2191,4268,153,2298,2176,5698,9886
9647	1812,8807,1562,8373,2789,3157,2690,8780,3383,2761
9648	1763,3143,9250,1307,9141,8391,8578,3224,3043,9015
8300	1918,4036,1062,2004,1158,6389,4280,1739,7672,6725
1458	4228,1816,2844,4114,4118,6417,6491,1888,6240,7340
253	4406,149,2226,1851,4799,4792,373,390,60,649
3073	7644,2137,7539,1929,7560,7730,997,8192,1152,1421
1461	800,1105,7751,7667,4560,7621,5398,7960,1492,1426
9654	2529,8680,3302,3038,9583,2512,2409,2778,2794,3112
5705	5072,4582,6062,4507,746,5264,10017,665,6960,109
3512	8868,2633,9012,8839,8825,2505,9440,8578,2934,7098
2292	278,753,4634,1851,1410,5117,280,26,643,5055
1467	1421,2079,1034,7540,948,8064,7950,7578,6294,7621
5564	5038,40,127,2231,3576,643,746,5201,5802,246
7613	1769,7841,1461,989,8055,2846,7494,2008,8215,7659
3518	6118,2474,4208,3730,4337,3662,3935,3278,3154,9351
6389	948,1451,7652,7304,7855,1189,7944,2086,7539,7602
5568	2203,4436,424,354,325,40,4988,4600,5330,5005
4000	5507,6880,7317,3555,3533,5957,3990,1713,3641,3548
1476	3785,6406,6449,3533,918,6043,3881,4090,3518,6215
246	743,323,746,5588,5013,5698,5072,377,5304,373
3526	2439,2671,1278,8917,3778,3498,9937,1962,890,8587
1481	3888,6473,7039,4294,1330,3742,6574,6617,2646,6363
1485	1476,5985,6419,4149,7071,1943,3598,3216,2207,2356
4482	2231,253,643,5642,5674,325,646,742,5254,678
3535	6025,6446,1302,3652,6111,6363,6478,1713,6098,6880
9680	2526,3287,1270,9487,2481,9068,9165,1244,8587,2633
5585	7543,7897,8300,8090,3073,7621,7510,7529,10043,1496
5588	5748,4582,343,5674,397,1410,246,5459,5276,5055
7758	4280,1197,7651,479,2846,330,1929,7566,7760,7494
3542	2386,3819,3614,3961,4375,3874,6357,2186,4082,4717
9687	1278,935,1504,907,1223,9249,2881,1961,1177,2457
1496	1031,6206,7614,7494,1797,4848,8258,8117,8266,7672
9689	3271,3351,1575,2364,2702,8370,3015,3402,2828,9648
3548	6990,5883,952,1458,1231,6406,4255,6770,6091,3899
3549	5883,2217,5805,383,3424,3649,3573,6473,2251,2993
6053	6798,5889,4319,6027,1783,4131,5990,2386,6154,76
1504	2945,9937,890,7179,2968,9144,1956,8572,2544,9033
419	2423,390,7300,5538,5055,5617,7734,158,4414,4436
5371	2702,2502,2498,2439,3185,3029,7115,1297,1910,2478
7652	1551,8300,2059,8194,8273,1492,8158,7655,7912,1325
7653	7672,1687,1797,7988,5107,7855,800,7451,8158,556
9702	8466,9487,7214,1776,2550,8987,935,2995,9493,2462
3559	4142,5872,6094,3905,2356,6158,1636,3767,3746,5968
1512	7098,3157,9605,890,1331,2633,8449,1838,8710,8397
3562	3974,5767,7061,3634,1072,6268,3494,3326,2993,7421
8103	4739,8062,800,9895,8214,8192,7652,5425,7304,7969
1687	971,2079,7940,10153,7560,2008,2145,1929,8158,901
7661	7479,7667,8266,2145,7817,1992,7778,2020,979,2021
9711	8780,1906,5910,4106,8925,1429,8553,8587,974,1042
1520	9749,1838,1593,3042,2876,1357,3476,9050,7213,2606
5617	167,631,4985,5038,4845,343,2267,4600,541,4549
9714	974,2934,8885,2368,2590,2825,2633,3778,7111,8595
7667	2183,7425,8217,7778,954,7948,8194,7834,1263,5425
1524	3260,7106,3112,8566,3932,8768,9937,1223,2837,3037
1525	9141,7202,3932,8317,1848,1524,9654,2606,9937,2481
5622	2262,5181,5072,1851,280,831,223,121,2423,4760
5623	5232,334,153,191,4845,5038,5350,5117,5283,5568
3576	4582,227,456,5232,760,631,5715,4436,5214,5206
7674	5653,5317,43,813,541,9932,123,649,4500,121
7423	2356,918,4294,6446,3598,3784,3792,6720,3863,3812
6058	2536,9497,9583,3133,8587,5371,1757,3273,9445,8827
3583	9033,2362,1417,1136,6742,2515,1884,2761,3778,2434
4961	722,227,4409,149,103,2226,4600,5166,5131,4582
1540	6445,3614,3752,5985,6094,3652,4340,6914,7071,6158
2646	6255,6357,4114,6953,6277,4721,1095,3346,6366,1975
5639	431,806,270,3576,510,2292,517,5151,7734,4723
1546	3782,3881,5939,3535,1319,6574,2646,3278,6158,1557
3598	3800,893,1370,1330,3888,4721,4294,6021,1140,9696
1551	9917,330,6389,7873,7988,10153,943,7451,1496,1263
7696	1158,7776,979,1690,7680,1017,7539,1062,1857,474
2302	4845,7674,4837,354,643,360,685,158,5788,4582
7699	2802,6185,1845,1426,7871,1802,7828,10054,903,1316
9749	2408,9793,8431,1163,2481,1584,935,2565,3260,9301
3609	3882,4294,9188,5507,9696,6953,1841,5893,3725,6363
1562	8730,8851,3224,3380,9389,3410,2881,8466,3312,8413
943	7880,1918,5107,2004,8103,4389,1059,8215,989,971
2097	7721,10011,6922,7651,5585,2037,1324,1564,1105,8228
3614	3518,2356,6383,3278,5889,3860,1601,6837,6282,1230
7712	7468,7454,8258,6294,2183,7560,2802,7929,1797,7760
1570	1062,1769,556,8235,1786,1467,5107,7871,2508,1083
1575	2505,2498,3498,2899,3302,2562,8946,1952,1074,2399
7721	1551,1158,5107,8081,1653,6206,8214,4100,1451,7747
5674	278,3576,617,2176,5131,5260,468,8,6960,10124
7725	1786,7871,1845,1724,954,31,3293,7613,938,1797
3630	6231,4213,4092,2356,3609,5968,6318,6627,893,6224
7727	7719,7821,7950,7477,899,6609,4280,7871,1353,1031
1584	2552,1642,5910,2586,4098,974,1913,3133,1375,2439
3326	6357,6240,6340,1841,6158,3936,120,3662,7371,6600
3634	9784,1230,6470,6617,6016,6419,3874,1046,9857,5930
8115	1059,1492,7661,2008,7776,1367,7543,7778,7721,1189
7738	7621,1324,6609,1682,7948,7468,7652,31,7828,7778
1189	8115,8147,7560,1110,1918,8233,7719,1693,2107,4781
7734	270,2292,2231,5026,5639,4268,746,4985,621,377
1591	3819,3740,3326,1139,1028,6446,3562,3154,3548,4208
9784	6914,3219,6953,3589,3549,7039,3231,3690,1841,9188
1593	1763,2913,8917,2362,9326,1086,8807,5910,1357,8868
1594	882,1913,3015,3112,3296,1349,2399,2682,2362,2378
9787	2702,3526,1251,2408,907,2832,3359,416,2766,1848
9789	2916,2582,2868,2934,9143,2495,3080,2465,1375,3224
9790	3273,9106,3445,1977,3143,9937,2544,3331,890,3193
8117	5426,4519,31,7653,971,7730,10043,7454,2013,7812
9793	9647,9068,1270,1793,2565,2378,8578,2457,3133,8799
5698	5538,5130,300,1410,192,5264,563,5703,9,223
7747	2137,1083,7855,1617,479,474,1570,7653,1170,9917
3652	4118,6770,3424,6177,1286,4213,6426,1557,6098,6880
3655	3154,1996,952,1636,1286,3752,4340,3614,6224,6773
1608	5158,510,836,5376,586,5705,402,5206,252,5039
3657	6043,3219,4461,6118,6255,3791,9857,3482,2207,1302
7555	363,5585,7672,556,7578,8139,1082,1325,1034,2076
3662	6240,6773,1783,3673,3278,1546,6586,3744,6098,2800
7760	7821,2013,1797,997,10090,7644,8101,2037,7437,7696
952	1636,5930,2335,1319,3545,3686,9628,6770,4090,6598
5715	4268,153,5671,176,388,5281,84,722,4406,124
3673	8728,3725,3740,4142,2977,4411,7317,3533,6085,6400
5723	722,2267,5443,5755,5639,5101,5642,300,431,777
7772	7960,263,1461,10011,10090,7540,7834,4781,2064,954
954	1682,1105,7699,971,4100,8064,2147,10090,8115,7508
8033	8217,1461,10011,8214,7897,1467,1857,1653,8283,1551
7776	7817,524,8055,1324,943,8300,1325,938,2020,7454
7778	1084,8283,954,7598,1170,8081,7699,7712,7575,7563
1636	3098,2386,6637,3614,6850,6491,3809,1816,1546,5990
3686	2356,9188,4145,4223,1362,3808,6837,3746,6894,3900
5393	4818,2267,4453,5201,731,5,124,322,3576,5802
1642	3498,7213,8680,1838,8624,7098,1103,9749,963,2718
5739	4841,124,4482,722,223,4409,4760,5617,5450,3983
5783	3693,4418,6685,580,6062,5626,2231,270,5777,569
8466	2968,9976,2550,8868,3179,1848,3476,935,3323,2465
9839	1043,1961,8578,3080,8431,8987,9326,2671,2362,2868
3698	4341,3655,6989,6439,4294,3634,6282,6277,6471,1140
275	5166,4859,5622,5443,554,5642,674,253,5705,5671
5748	5304,5130,5568,6554,111,4492,1608,149,4582,4268
1653	5585,7944,7468,1353,498,6294,2079,7950,7451,2145
1657	2145,7772,7479,10043,1017,7776,9917,1263,1802,7969
3533	5927,3545,6953,6880,1095,6419,6406,6426,6027,3900
5755	742,5588,373,4845,5130,4837,831,9886,390,5304
3708	4243,1546,4255,3630,1095,1808,5990,6140,3824,1975
3690	3154,4422,1319,3641,6304,6240,1783,3545,4084,7421
9857	6027,6600,3882,3708,6473,1975,6449,3936,6880,1402
7966	10011,8033,3763,10054,1682,6185,800,6333,1059,7760
1668	1270,2937,1504,5910,1953,8946,3018,2671,972,2727
278	280,84,621,5715,419,4924,4659,5226,109,5748
3718	3990,6446,9696,3891,5939,8728,6140,6837,5883,4223
5767	5883,2248,4239,1139,3278,1370,2335,4222,4476,3782
7817	7988,7614,479,938,1263,4100,2021,1987,1012,5024
7719	2076,2183,7454,7940,2149,4349,7950,498,4280,2137
3725	6837,5947,4131,1488,3718,1816,7317,1046,6970,2186
1679	2465,3083,7099,1252,8780,2727,8981,1043,2718,3042
5777	177,44,4683,1410,5260,109,5715,4534,530,343
3730	3581,3652,7371,6118,1458,6837,1481,6174,7310,3788
806	232,5330,227,4985,5205,5671,5642,5401,4492,572
7828	7821,7432,1184,7621,948,4072,7541,7944,2846,8101
7830	7699,4389,7712,8300,1189,1708,1742,989,8147,8273
5401	2231,4900,124,431,743,6411,569,2176,4507,5748
4036	1366,7948,10054,330,2086,1083,2013,7830,8247,1724
1690	7699,7912,5585,1034,7661,1845,7494,1919,7747,2802
6767	1148,3583,9583,2849,3512,1956,3359,2408,1593,3169
3740	6340,3746,1943,1808,6397,5993,6720,6366,6804,1144
1693	7699,7712,7578,8198,7984,1447,8045,7614,1388,2017
3742	4090,6091,2471,3189,4323,8477,3891,6043,3589,383
3744	5896,4228,3819,1286,6140,383,4721,7317,3121,7050
7841	7425,4739,1189,2008,1570,7659,7780,2021,1388,448
3746	3874,5880,7504,3927,6798,3216,5927,2800,1783,3377
7451	8101,1059,2145,1531,1451,1797,8235,3073,7437,2147
9895	2008,938,2097,2111,1197,2137,1059,2145,5024,985
3752	5807,4078,6429,3662,2212,3900,3216,6880,3791,2356
5802	97,7734,6685,227,5703,237,2226,342,4596,6647
3015	3037,3133,8340,3359,2886,1064,8629,3397,1399,2378
1708	7815,899,5152,2013,2342,2145,7944,1447,263,1059
5805	3718,3882,3545,4228,3881,6075,4092,7071,5880,1046
5807	383,5927,3609,6277,6025,6177,4515,3824,3821,3555
5808	1458,4103,7050,6439,6085,5889,3698,2251,5816,6574
1713	6770,6269,4721,3725,3377,1996,6617,3598,1816,3518
3763	1653,1929,7789,8158,989,948,5585,479,7738,1447
1716	6192,4090,6383,5883,73,2993,6366,6011,5939,4411
7454	4669,7563,7855,7960,7304,6294,800,8129,7863,8033
3767	6091,5993,5507,4000,1859,3935,3545,3997,7504,6773
5816	5927,7504,4103,4090,3784,5985,3725,3739,1330,6397
3771	2207,6439,3559,1140,3881,4294,6529,4288,1488,7310
330	7661,800,7699,1010,1802,1083,8215,7758,1780,7855
9917	1171,7828,2426,1461,1059,7304,1105,1882,2008,7566
1353	938,8043,8103,1062,2013,7560,2107,7708,2145,2021
7871	1461,1426,948,2149,2111,1012,7912,8062,1197,1657
7873	990,556,5425,7988,2047,1570,524,7841,7652,8283
1730	3243,8825,3271,2921,1524,2825,3157,2498,2542,2808
8139	7651,8103,8192,1882,1451,985,8043,8235,2234,6333
5425	3763,6389,1012,7760,1877,235,8139,1690,2107,8212
3782	1481,6231,6010,6158,7050,3725,2212,3718,1866,3641
3784	347,6313,3927,3821,1975,1713,7071,3562,3708,3545
3785	3891,6075,3725,3927,3899,3782,5939,6397,5985,6491
1739	1426,5149,5398,8090,363,8033,4579,2095,2047,7680
3788	3673,3730,3545,3555,4082,4323,3662,3652,6231,734
1742	5425,7479,1197,1421,8117,8010,7730,1084,7751,8266
3791	4215,3718,3821,5968,3482,4341,7371,6446,6587,3189
3792	4114,3377,6894,1888,5889,6835,3278,3927,5985,1808
9937	1962,7213,9033,8362,9301,9615,8768,1244,2707,2606
7118	2573,8807,1593,9493,3193,8799,9389,1278,9440,8466
3800	1046,3863,6366,3808,5872,3893,6406,3900,5993,230
5849	73,3598,4082,5896,6473,2207,230,3791,4717,3708
8101	7566,5585,1897,6333,7780,8043,3293,7821,7880,7652
3804	2939,4422,6990,1072,6473,1370,1347,4717,6558,6043
1757	8431,2512,3279,8572,8925,1331,2945,8732,3348,2368
4389	1809,7886,4445,9917,1017,7730,7560,6922,7477,1690
3808	6471,4425,3494,5767,3935,1636,6970,6140,6397,5896
3809	5922,3549,6025,3588,2474,3863,1370,4345,1095,4288
7560	2095,5426,1752,330,938,7661,7468,362,7776,1325
1763	9487,1278,2457,3037,2565,1375,1429,2828,2782,452
3812	6473,6990,2844,6094,3788,6370,1144,734,3634,5893
5862	3961,3662,6894,3673,4306,3824,9351,6400,5816,3545
7912	7930,7721,903,7465,2086,7884,990,8033,6333,7948
1769	8212,1653,1496,2145,7670,979,6336,7780,7304,7655
3819	1488,9351,6600,73,1540,1713,5922,6400,6445,5880
3821	1636,4422,1713,6065,7421,6798,6098,4461,9351,3690
5249	4436,5393,5642,4760,580,545,855,2423,278,431
1776	2702,1331,1962,2465,1042,935,1223,2995,3015,3179
8147	7566,990,5425,8043,2051,985,1012,8266,6294,7602
4560	4445,4519,5398,7652,1802,7760,7613,31,7828,4781
1783	5993,6674,120,2844,3935,6154,3951,1841,9784,2730
9976	4098,3133,3296,3157,6058,2766,3419,8827,9250,9545
7929	2149,7708,1156,989,7465,7667,7670,9917,5441,1152
4492	572,5466,3869,554,8,5639,2943,275,6411,646
5883	6400,4721,3860,3634,3900,4145,3940,3771,6446,6850
1793	9687,1668,8677,2465,2934,1307,2691,7111,1504,9654
5788	377,427,5038,5130,10124,10104,5662,5232,5642,4841
7940	1724,1062,7985,8101,1262,8117,7960,5682,1004,7644
5893	5880,4204,3542,1286,3548,4515,6587,6154,6140,6174
7834	5425,7930,1693,1158,1004,989,7855,1152,448,7944
5896	3905,5889,3216,6880,3951,3891,3598,6202,3821,1458
1324	6922,1012,7988,7696,1739,7653,5024,7477,7602,479
1802	7812,1082,1693,1304,1324,2145,8103,2137,1752,7468
7948	7812,6251,938,7653,2051,1062,1021,2008,7513,8283
7950	6185,8101,2020,7575,7667,7780,7817,3293,4781,7721
6445	7421,7310,2939,3518,6027,3752,2993,1540,2772,1716
1808	5849,3812,3518,7061,7050,3690,6419,3377,3791,73
1809	1004,7930,2079,1992,7751,8235,448,7670,2147,8045
643	5087,4436,2292,722,4723,177,6084,5206,5092,146
1812	1321,2582,5976,3185,9937,2505,2916,9050,1575,2761
7957	7719,7659,1845,7780,7828,1447,7549,4560,1786,2145
5910	2913,3015,9144,8431,2849,8815,3410,2481,1042,882
3863	3559,6400,4206,6192,1996,6383,9188,3216,4323,1636
1816	6282,4204,3377,3482,9696,1095,4461,1636,1488,3598
7812	31,1105,7745,7513,6336,8115,1004,2064,556,1780
10011	1739,7425,1367,1263,7886,7815,8147,1110,1690,971
1821	2885,3583,7106,1086,2462,2470,2789,9711,9680,2707
4425	6446,4213,3673,1424,6118,3555,7061,3893,918,3961
3871	9886,559,834,5336,298,44,4799,2423,572,5166
10017	631,4948,326,731,2280,5254,6062,5466,5038,5703
5922	7039,6382,1362,6043,6268,7371,6313,3819,1231,3888
5927	6192,4717,3424,8728,1808,4306,3686,2939,9351,7039
3881	4215,5985,5872,5805,3860,1424,952,5896,2386,3782
3882	3785,6446,6529,5849,952,4288,7050,6215,3346,6158
7815	556,4389,8064,7712,8010,8283,6294,1797,7680,948
5653	831,325,209,176,5755,194,743,5488,5433,4988
5426	8043,2342,8233,7948,8215,6389,1496,7988,1882,1170
1838	1821,7150,2682,2502,1962,2690,9839,7177,1512,3083
5935	6370,6426,3752,3974,8728,120,3424,3655,6600,5957
3888	6118,3740,3891,3809,6395,6085,6471,4336,2474,6804
1841	3771,3888,6177,6098,4149,3377,2335,3927,1975,893
3891	4118,6598,3219,4721,4000,3326,5993,6118,5893,2217
7988	8147,6251,1010,1845,330,1724,1327,7672,4848,7708
3893	1458,4145,4345,6085,8477,6363,3950,1808,2335,1046
7991	7841,2004,2145,2021,7437,7479,6336,263,1189,10090
1848	1252,9033,9376,9169,1962,907,2439,2545,2899,1223
3899	6426,6021,2730,3990,4341,3690,6098,3893,7371,4114
3900	6363,3231,4878,1046,3630,3121,2730,3598,6471,6871
7477	2013,1461,1492,1690,7776,2079,7543,7929,7621,8300
198	307,186,5588,4268,5181,4534,2267,4690,742,158
3905	5896,4078,8477,6240,6177,3542,6174,6880,3951,4215
1859	1144,6770,347,6025,1362,3535,3746,4878,6405,6408
5957	3346,4222,4114,6268,3424,3752,3740,4194,6382,5872
10054	1742,1739,4519,1682,2111,7778,2137,8300,7708,7644
1866	2474,3900,1716,3784,8477,3986,5872,4215,3804,7071
7479	7437,7886,7950,1724,7758,1184,7778,5149,10054,2037
6336	4769,8258,8129,7539,2183,1918,938,8064,2095,8194
1870	9680,2707,2368,8768,1584,1223,2849,1042,9326,8629
4904	4482,4534,300,4453,3983,402,5626,580,40,5254
5968	5883,2207,3808,6282,6408,3860,2772,4222,6429,6953
6609	7432,2426,8300,10153,985,1923,2097,7602,7944,2059
9696	4461,6313,3588,7340,7071,6357,230,3154,4239,1424
6798	1095,6383,8477,4145,3652,1319,1330,3881,6277,6408
3927	6970,383,4294,6953,3752,6363,9857,4000,4717,3098
5976	7179,8407,2465,9789,2832,935,2885,3397,1730,8430
5092	60,643,223,4160,4634,289,5028,554,569,2292
1882	7614,4519,8179,8010,7730,4280,2137,7758,4579,8194
3932	3359,3348,8397,1146,1525,3778,1524,3037,1147,8815
517	3871,9,855,1608,176,4492,618,343,1,5181
3935	1488,4422,5805,755,5507,3782,3686,3718,4341,4149
1888	3744,3657,7071,6025,952,1943,3545,1370,1931,4255
5985	6627,3888,4239,2772,4084,1230,1481,1373,2248,1330
3940	2844,3673,6366,6010,3535,3649,3662,3652,2335,3216
5990	6277,2251,6478,2471,3927,3573,3614,5889,1373,1139
5993	6406,120,6313,4323,6091,3588,3860,3535,3594,4345
10090	4072,1992,5149,2145,2342,4781,1082,1708,943,4389
8043	938,1021,7680,7944,4669,1617,985,997,7425,2234
8045	4280,7863,7830,7602,3293,7929,938,5149,2086,8090
3950	3589,3812,7039,5883,9188,6224,7317,3974,3891,6850
3951	6798,1546,3326,2251,347,3788,4476,4110,1319,3641
4072	2846,10043,2064,7614,8215,1324,7566,1353,7653,474
1906	1504,2555,9143,1821,4098,8587,9568,1953,2113,1258
2707	2478,8566,3134,2542,9487,9545,1757,3068,2816,2529
4414	5038,396,111,5401,678,845,289,4845,9886,836
1910	1136,1043,3399,7301,8807,2808,5910,2582,2434,9937
8055	10153,7929,8083,556,2017,5425,1004,7540,971,1923
10104	44,2423,5026,699,7300,5205,5443,8,275,4492
1913	2671,6058,8885,2868,7214,8431,3042,9012,9497,7098
6010	3986,3860,3555,6065,7071,1716,5507,6627,7039,1140
6011	120,2772,1591,1140,5927,8728,6470,3784,3589,3673
1223	2816,8496,2612,3312,9493,7098,3287,1206,3087,1524
1919	1461,7828,1877,7465,1004,1882,1197,7651,8294,2234
6016	6574,9696,3881,4411,3951,3424,2800,3788,4206,4239
1923	7747,2020,6609,7834,5152,8081,2426,5585,1687,7758
6021	4090,3752,3936,6567,2772,2939,5816,6043,4375,3935
3974	6455,6835,347,6989,5968,3812,4188,3767,6158,4294
5441	1752,2234,5152,5426,7969,6725,8150,7696,2059,7602
6025	6111,4103,9351,734,1380,1095,3533,1557,6449,1230
6027	1458,4188,1051,6674,3121,3821,3641,4006,1302,4213
10124	5166,165,5600,22,4482,4723,103,2322,326,5276
4418	678,5249,111,4683,270,4495,10104,209,471,5010
3983	5671,121,5130,4659,4492,5013,777,5181,5102,322
4760	5588,427,397,148,424,845,5393,5350,4837,5642
3986	4206,6970,6419,5930,3581,3614,4103,734,3725,6400
5443	5755,4534,5072,5538,4723,5226,323,2292,9886,4482
5102	209,834,5802,631,5304,397,44,10104,289,87
3990	2772,3935,734,6439,3725,6419,3782,5805,4323,893
1943	7340,3804,3548,2251,952,3278,3708,5896,6370,3940
8090	7880,2508,4781,7659,8055,1551,7828,7555,8273,7758
6043	7317,4206,3121,6470,2471,1808,3377,3800,6914,5767
3997	8477,6637,3662,5947,120,3951,1380,4340,4319,1943
7884	1388,6251,1657,1059,2027,7667,1171,479,7855,448
3397	1913,1307,2832,9141,9250,9487,8946,3179,2565,9068
1952	9487,2462,8466,3029,8654,8610,1793,3498,2727,9249
1953	2113,7177,1906,2565,9144,2868,8397,2457,1910,4106
4634	4904,5653,4968,5166,722,2322,4683,1410,427,674
3739	1370,3874,1601,3424,4110,6027,4288,5883,1816,6990
1956	3068,2498,3042,2478,2690,7099,2552,2529,2462,2544
4422	4425,4228,7421,5849,4223,3792,3730,5889,5985,6021
4006	6558,3997,3792,4255,3549,6835,1476,3219,3860,4103
1959	2995,9068,8732,1206,9648,2588,2897,1961,9471,8799
1961	5980,8430,2457,7106,2789,9015,3042,7179,9789,8768
1962	1042,6767,3038,8799,9033,452,8764,7111,2113,3133
6062	4723,5281,60,10017,5249,6084,6525,109,538,275
6065	76,6075,3950,5507,1546,7371,1424,1373,5805,6567
5107	7738,8192,330,8117,8033,6609,1923,7745,6206,1461
670	5802,60,554,2943,4981,318,354,5293,5,631
1975	6600,3535,5922,4222,3589,9857,3594,4090,6395,2217
1976	1262,1564,8179,1021,7602,4848,1031,7873,9895,4349
1977	3312,2550,9203,9568,9680,9789,9689,2408,9493,8413
6075	4090,6011,3649,120,1373,6471,4228,3821,6158,3154
5450	4818,4582,6062,2322,5788,5005,390,158,9,643
9886	5087,5264,148,5039,4409,121,194,5281,4495,4453
2037	7540,1031,8273,6206,8294,1882,1212,2418,899,8045
8129	1531,7680,2183,7980,1021,2149,10153,7479,8266,7745
1987	5107,10043,1447,7454,6333,7468,3763,7929,954,2017
6084	322,5653,10124,5,396,753,232,813,5617,5283
6085	6140,230,3548,2646,4228,4114,5862,6255,6098,5947
4769	1023,7653,1496,7451,1877,1653,4389,1976,7855,1156
6088	4149,2356,3542,6075,3784,6970,6837,6449,6419,3573
6091	4103,3725,6478,2800,3219,4717,6953,3746,1713,3098
1996	7421,5957,5993,4215,3098,6370,2217,6366,5935,5883
5181	562,845,270,373,4924,431,1851,4799,649,427
6094	3882,6027,6449,2471,4084,6383,2270,6989,1591,73
6098	4323,4092,1591,347,6370,3752,2386,6065,6025,3744
7651	7886,363,979,2149,1752,2426,8266,1325,8129,8045
2004	7841,8036,498,1687,5682,8247,9917,943,8090,2021
334	621,3869,541,5350,510,148,4482,5276,4268,5443
8150	7780,8036,7653,7812,8258,7425,7886,8010,1426,8090
2008	7719,1882,448,7653,235,7940,7738,7667,4579,4669
777	103,1,307,354,146,58,5715,424,5131,646
8158	7425,989,2076,2508,1467,4445,8115,7886,7437,10043
6111	3740,4206,9696,1591,2270,1866,5883,3784,1975,1636
2017	7584,1105,1021,7578,6725,1897,7598,8117,1564,10153
2020	8212,5024,2149,7598,7957,1570,1690,1617,6206,2097
2021	1062,2234,7880,997,1742,1897,2147,4739,7651,1327
6118	4223,6455,4340,5927,893,6313,8477,6043,6429,1931
1110	7776,7886,1987,7817,1171,7985,448,7991,7912,7513
1197	8217,8055,1564,948,2076,330,8010,7812,7944,7670
6140	3346,3821,5922,3690,3562,3791,3154,6043,6471,1330
2027	7614,2802,8215,10153,7696,6206,7510,2064,2076,1570
1362	6043,5957,6914,6598,3990,6158,3882,3739,6277,4323
4078	6574,1046,3326,6011,3950,76,2730,3482,3559,6953
1021	5398,1653,7988,1897,6185,2004,8083,7780,2508,4560
4082	7061,4878,1370,4422,5889,3951,3657,6880,3812,4092
8179	7727,8192,1682,2426,8198,7780,362,7584,7828,8233
4084	893,2844,6255,383,4422,6419,9857,3782,734,2248
545	148,742,471,4600,5617,9932,6084,538,5005,2203
340	4473,4500,4418,5653,194,5642,538,5026,191,4600
4090	6065,3662,3936,3278,6398,6268,4145,5849,3555,3812
1023	1739,1531,1657,363,7776,10011,7721,2418,8150,31
4092	3784,120,3730,6366,6304,2335,4204,3819,6894,4110
6960	4760,186,6647,1,2262,278,4492,5166,5564,4659
2047	3763,7479,1010,7817,7957,1262,6333,1682,7984,1708
