370929	370928,729453,1596074,45714
755048	241478,223230,888832,679532
352332	1237989,833611
25068	399998,1031762
341791	479493,41721
401240	130091,401241
1373059	16767,1429343
370928	329532,370929
701867	89739,530276,520275,1548601,478796
1111926	1095646,1164804
601534	1909224,420756,245250
555366	27395,597833
658761	1475251,83457
190339	1329627,190338
556626	1022755,825517,439488,270413
631272	393333,61825
1006026	176108,814356,632150
563931	199753,563930
694889	272315,604381
163502	750770,464268,231125
261929	461180,487491
1228168	76242,1101297
1260219	407851,549382
1139240	341855,236078
27570	136470,27571
40322	1443957,855591
543517	429056,490688
77976	579653,108065
3434	1113720,3435
131694	396528,926897
283656	570960,1149596
568395	966354,368814
181487	642893,1072857
720666	955266,188050
1351471	99575,475789
303908	560012,99306
92884	709996,1619966,691200,252581,1195664
81530	412376,14778
266454	543438,206497,1642023
720816	720817,501325
59569	830676,1215866
1004501	1092720,272275
1123885	16727,205688
674084	121484,1262973
54480	42010,926017
311811	376150,178453
805373	414384,868694
48228	48229,733158
290251	812218,45336,1673070
857166	70393,30010
234020	431859,63441
78476	88517,947504
176213	176212,792991
365149	365148,229105
365148	365149,1500099
1186735	107840,135788
365146	1286094,1433151
516189	232801,155743
1283022	596977,410545
54900	354119,359605
435849	92401,1037022
268280	467485,268279
888832	2005918,755048
262903	777314,262902,439589,744442
394608	268894,846238
384341	373780,205503,953274
325621	1620504,899020
1525861	10795,1011426
385341	441839,385340
573569	1983071,503983
161312	1148117,923197
858555	1899739,106973
974443	223076,190065
115274	647203,115273
372926	1629610,2047034
377209	332180,345750
338314	533951,2080376
547812	1096344,622371
109273	760799,561565
181366	2011103,181365,1001608
177489	177488,651897
95792	353237,587825
652649	466211,67284,219913
74031	74032,1336710
855405	855406,866712
27395	555366,768946
444387	87460,725017
571871	558611,67833,224537
150597	159035,59303
16727	380331,1123885
12030	142685,218397
307675	307674,662060
646941	178631,548139,646940
500660	498405,484748,360120
11483	153025,62278
53976	53975,345630
199496	1843,823737
112683	117719,1078972
1127756	680926,35369
252437	1751739,1661168
895223	46515,1086487,1830701
71776	307197,116621
238854	446385,238855
238855	238854,765834
212648	1339526,648819
1016427	233771,1016428
163988	19629,23976
446269	446270,1581602
452023	1558253,1230976,604626
123059	193117,997889
209893	1485428,420446
96077	30386,60797,96076
368734	368735,123862
383565	170234,359433
924898	1304903,1025422,763245
698417	698418,1261439
499824	1428688,636860
319449	906781,708856
70450	344907,70449
676062	223076,746003
668208	1146221,958691
439525	29783,1133169
5933	969857,209280,995028
200571	67284,77066
297244	800567,921822
7239	7238,413104
63782	850641,1717680,1717717,13215
78724	444769,932519
566533	678983,854989
1300253	238281,1915209
211921	245090,335815
655240	255774,177731
846852	394205,347405
1286527	1051095,1728482
50596	4750,672950,299823
243426	517513,140400
774243	219069,432304
268146	12342,1006639
239825	883544,239826
111028	54938,195614
258021	747505,120111
11213	600726,694781
1119396	1638905,1518238
614390	22983,692486
355672	930954,1382388,999660,1145478
225624	24712,261877
338376	1475408,449187,141570
9393	58033,228137,1249004
1174027	310072,168030
39389	815031,316139
221054	1160708,490221
396102	459659,1022837,308281
231025	657985,440273
158344	634313,118629
244190	923539,1625130
100051	775703,619031
69202	1366262,1203244
461859	287574,72140
683648	655897,866419
439998	1065520,14056
442907	1244093,112171
723186	723187,826302
731460	680373,731461,35503
660057	644399,310736
885830	491189,300831
59782	426347,1022100
59787	290013,2023426
40924	1049290,1463747
1780832	557754,171883
724205	327535,724204
848199	18646,1393089
18740	1248109,18741,546575,991342
30010	194079,1344488,857166
268894	56402,394608
242450	1600073,873353
355081	355082,355091
435056	350911,958195
88295	1009480,874477
465860	202077,465859
1179073	775930,1970838
684606	99306,113323
77065	1194125,820464,77066
77066	571353,77065,200571
404787	782862,656802
25362	25361,423898
729406	121587,1068752
912928	341677,448979
248163	1695564,1486456
1065520	1314649,439998
205213	218179,1511037
821653	1232655,650757
671339	1424352,759060
42197	459857,19556
1595191	516760,800147
1924547	543131,287385
360120	500660,360121
831	1372512,277509
577295	302470,222180,644882
257441	98694,257442,1180055
257442	257441,520736
71142	1608923,186445,570100
291167	106803,1462684
846471	1176107,928081
300679	284688,1672792
264546	469013,168934
851444	695389,1089638
188955	968771,457230
108416	772342,486270
178755	1329739,138905
262271	140082,695747
151094	6169,1156772
253119	409093,1463707
393333	900479,18436,631272,1038858,427859
393335	872280,46557
725091	50594,1454927
200905	166996,200906
545718	27934,922245
16767	460842,16768,1373059
12078	84758,564801,132577
593122	609851,593123
969345	1051527,801459
1499381	121105,819729
75301	575286,75300,594120
524564	1549824,1061183
81739	428128,81740
310242	216011,191218,2038131
253519	601463,253520
265085	727804,856772,544499
46557	393335,833953
427830	592712,144734
53933	793308,11144
105421	517966,197201
426901	262436,112672
1007861	693233,1436902,326438
162899	846973,127095
207594	410932,1362720,589665
464069	1212328,862436
1215973	235660,117879
120595	35011,153300
449554	498902,257576
633740	569994,39586
369422	44935,373167
632711	632710,598890
656802	390408,404787
490688	543517,429057
561940	29521,488144
293017	43585,166394
633666	349939,101336
520254	7302,150215
141280	971672,141279
9730	26870,418203
255774	655240,255775,260512
821677	821676,873659
274862	1336874,610698,730313
326896	693474,850633
961879	1211020,898474
442134	629257,195065
415643	170494,22983
872095	1011985,1378715
26387	1116343,222087
670944	1631701,1141152
331363	150343,410451
347893	455381,1560206
439367	362601,589204
864997	672202,529114,1316847,808643
186445	71142,42035
814546	754961,996200
425746	1308515,432075,1512647
552141	35156,929091
206569	21829,583786
1353596	309914,374825
92146	55359,300895
576026	468738,465800,1789998,537912
115965	119821,377894
187314	657013,1468684,922450,22530
580621	847825,580620
303406	1374239,303405
227945	1143902,526132,629232,383265,963120,578285,616651
1101647	423927,1526779
304092	881481,901645,1047063
323584	231646,81673
219387	923119,434440
68084	1487778,371742
445149	446143,445148,1037153
603999	818116,603998
603998	1261146,603999
514225	41627,434886
389828	181860,389829
1360284	134815,574243
53910	53909,137286
251797	1250664,251796
349939	633666,59303
437219	21075,437220
274323	739057,856704
48229	1363921,48228
265583	146921,45551
39676	81897,39677
131340	774306,76345
587719	253163,528760
98856	827893,200278
333605	456526,251556
131616	644951,1227788
302235	852412,522550
782753	1703043,322764
442307	105863,1907165
29521	289623,238967,178339,561940
938606	1195697,875003
492163	322207,992351
449886	1027435,72117
449880	1448645,195572
27783	1408692,11354
613004	424091,1079581
800656	863268,946600
355375	28509,355374
657021	635600,373209
149342	1404158,149343
528769	721045,207572
389615	646685,944688,1060270
17335	17336,180262
405294	585255,405293
798732	1156939,573139
1213035	326895,1213034
1021648	280183,1423230
1544326	231856,709960,581859
1453459	213995,160174
61947	61948,621103
9754	1181170,544604
81673	323584,410932
246946	376182,1083560
152747	376988,298921
80098	207092,1155009
187498	732910,578875
1392015	388365,1616191
184945	164591,592009
554500	773158,233913
937800	1082470,1118420,1300295
71924	611054,71925
910593	378254,1191768
466211	652649,275292
471085	471084,588943
21075	437219,527253,448416
331344	916587,514910
1097	178784,60787,1424247
478796	701867,405774
296476	993253,869212
728097	729856,728096
640625	1102728,640624
47711	552952,249716,8487
173248	1141273,335877
813963	1297782,374820
343554	343553,154291,1043772
1182969	92932,1088675
275432	724132,76625
424091	991421,613004
227961	134215,159479
114585	114584,966638
114584	114585,140252
856688	1514455,1067820
299488	210469,1597872
1201162	358364,447708
60399	358863,5149
167770	699547,911764,1061742
610166	1771463,614026
302470	577295,98111
1038467	1507603,1016633
167483	942793,972254
377645	1067979,535436
218102	1176308,448725
148343	592522,148342
200277	416846,200278
657505	850641,1050498,1071358
604954	1817740,115815
1206353	1206352,1089546
243952	1569648,216593
495076	1638469,495077
198452	504636,459206
187574	54533,103022
450198	605477,57165,405239
168934	504913,264546
298443	764160,1092601
18812	18813,306390,81097,420522
18815	759060,152738,237013
782507	679098,232402
172835	14290,623386
781372	811188,996872
156580	185370,1024399
445100	77568,445101,820357
269969	1329289,100591
650622	592994,681330
522207	505439,539437
1188892	441571,492442
946681	192011,197201
1080628	59406,732809
1193935	1090975,744398
329532	1391491,370928
11225	85995,100475
1150827	781286,1229510
594120	75301,1125529,594119
858690	160907,1711568
666193	471201,515134
25653	406395,422557
233618	495540,1691537
626159	756138,855517
510153	65664,986475
617028	435890,529957
97745	230909,21287
64739	1252647,294223
116865	116864,518146
51676	51675,1231645
121208	145424,530451,917196
671421	1141,234139
877693	1101033,151468,576727
919337	919336,144565
1239025	355603,1044815
1397027	731099,277102
884209	1260113,538156
172336	507299,172337
36054	552952,249716,8487
700616	1328682,752107
67064	1613983,136756
67065	100391,440838
1365670	651099,299770
142544	375895,586391
416335	1349743,729419,412746
170086	402921,465549
1181170	231904,9754
235923	575003,405251
402098	97076,835349,1041061
36622	346646,172706,196303
69932	1143566,19492,448039
680373	35504,894649,731460
190829	23752,536952
634313	681838,158344
205494	205493,336563
177022	34504,184527
447977	637707,327915
670294	767470,670293
1224871	1336874,730313
530276	701867,261986,329423
136180	491521,649586
256921	814897,172524
780153	812009,348319
467700	770141,107249
1058829	187270,214988
131860	127781,412165
787109	410283,459066
704269	34003,183476
328662	494780,697648
99260	252287,1128608
117305	1033691,82904
444274	798909,323308,488317
1240969	870803,131118
88279	590430,20748,538782
1019899	1894367,1019898
835978	899632,101336
869927	1284180,548781
1552272	614362,253738
157614	124477,816560
437981	371137,1574898,1792036
67233	94266,823476,1028624,539209,1080397,519987
305955	638034,305956
924241	406931,924240
4276	1222246,1453077
280254	650228,187533
108398	961416,1868810
258760	11357,258759
156874	155821,409459
1122527	1122528,927884
931156	913855,1175203
188326	516825,1079705
311778	551648,235589
129856	8181,129857,38484
1140410	752331,1019864
22774	158213,694193
823486	316956,335606
721671	36961,1922870
393411	377564,911457
1030183	719953,716919
326494	1143566,350086
973937	1266813,1405822
100995	881787,626944
121882	574195,1141464
1051527	969345,612988
57040	67291,441114
382853	382852,329423
739971	436342,877353
108946	523882,270551
688276	1835854,174967
8790	8789,79532
122571	1288004,204579
343320	107621,2195
648632	10035,384561
536952	190829,536953
138854	138855,624339
676012	1111870,1528184,1481858,1469892
221448	805926,224350
76563	418767,73927
384561	10034,648632
384562	963758,908293,698068
239662	564991,822281
136673	330591,136672
322764	322763,782753
67913	721975,1230796
887448	735321,241062
516509	1029229,516508
355211	1349540,292599
1070006	1263813,252223,1328623
957124	957123,968622
957123	957124,1242907
509599	509598,433816
916444	1375754,916443
690787	690786,732132
268848	946061,1030199
873960	1883446,864954
429744	1365898,1643234
783915	783914,687307,726211
1343026	242261,591410
1578292	1140893,592977
187532	313345,187533
187533	280254,187532
1370729	237228,89953
296455	245090,60671,42035
134509	2534,497214
658011	501209,762802
299282	496756,51755
494256	1028039,494257
941040	197249,57953,509901
1000405	1239235,1347426
18140	60671,347982
330591	521088,136673
203499	85319,861335
93791	649159,177729
1177156	1177157,1324011
1070494	879875,1116696
72410	616736,1565204,1790434,1755411,1668635,752829,1560747,349769,1442380,818406,1546196,1680558,72409
428080	428081,506619,445799,697779
842458	116967,1208627
77594	516664,484430
684955	402621,544516
191218	310242,306314
342293	1574893,890725
923539	244190,1892846
138611	584397,733573,930892
102431	140567,561036
400740	1391310,1348736
125749	951600,102637
674798	361288,518667
146007	991031,1728
679455	645325,679454
1005835	1005834,556025
700652	574606,574607,438364,631564
490433	690632,1761726
1016564	915308,1849172
584050	1485317,1874193
54740	403714,277023
440848	440849,232730
417391	11218,2656
435152	9501,1728370
327543	315137,759060
554822	970845,1056324
928081	1177560,846471
533081	238082,274227,190422
107840	1186735,192650
13488	1362656,395240
462402	768821,856392
1424352	747994,671339
186937	249076,1640931
42035	1281959,1006639,186445,296455
7848	1263675,1411654
61825	631272,427859
1055316	830721,1023459
1477523	986762,1077984
116692	580988,975146
1569111	1753355,517859
818213	1921665,290561
184866	156473,127013,356784,78601
718953	771526,555372
765576	1165089,1429005
818377	1591069,252777
313566	27501,245957
518667	836067,674798
602071	525840,286815,483936
133253	548831,66915,130403
40304	40303,485498,1710799,231705
34885	310788,939523,391102,948804
300908	67244,63304
339238	125478,563698
252092	29791,1518068
298321	240000,430696
825265	742174,244396
311735	266961,1911172
97863	220011,165543,189484
643430	373211,155761
59303	150597,349939
410932	645579,117879,81673,207594
129407	438443,1204744
308595	126172,488160
100156	92858,296870
144639	703116,106985
1117896	935613,1512661
1298491	981020,150091,245484
227805	227806,792423
112171	1045667,442907
1519809	640194,114796
642214	138460,1807785
1100567	1100566,1324305
24942	193694,66106
2213	760574,2214
684974	1356789,242261,659152
2214	2213,1787915
214515	18778,159110
688349	149824,640354
190010	757226,369729,747689
1392093	179311,1254578
1473236	1308178,838232
374825	795642,1353596
292695	1149326,292694
62416	400921,318374
18203	494750,427823,1603196,145660,379494,1765668
60671	18140,41001,680810,296455
153998	1087494,420446
117879	410932,1043713,117880,1215973
251522	549657,618819,556297,495690,165115
340400	969630,783074,340401
211585	1066252,211584,249734,392881
633021	1207759,633020
99416	169625,359309
601226	163338,109497
1200689	70318,281481
76345	131340,622744
1293362	89739,687307
932519	244589,78724
543515	154031,168894
571212	946569,273179,354732
90687	90688,1244188
665317	70485,1090345
180941	249704,244354
992351	92932,492163
856546	1058,350075,434548
804461	90518,1795480
356784	318576,184866
94591	757125,286272
436	342643,421125
207234	166004,473545
1461462	733931,503067
442590	95521,328383
462795	1018190,462794
592567	597875,771703
87663	304825,203275
1002890	859335,1273688,1076873
177731	655240,35759
177730	985619,575286
194079	104620,23677,5838,180117,29427,606053,84262,30010
816560	54971,157614
153025	11483,356554
160174	1453459,401161
1837	1159389,224856
44387	1108524,469996
698561	919425,159110
412387	133115,412388
155858	1974160,155857
83890	588123,1222427
83543	83544,1116835
1167196	155234,682880
966958	1003151,664704
416236	554636,625790
23122	92688,83416
963377	1072876,860806
563750	258298,48093
240009	681413,509124
329423	382853,892809,530276
288400	404203,175785
845318	225719,1087926
199506	924950,201851
32467	239639,665146
55463	674753,774232,1177046
92354	1365675,346447
66430	1158024,793695
1270614	1270613,945157,1254490
98386	1398318,1107356
429912	429911,54722
297023	350436,350040
776239	832556,354045
287609	1137147,1049862
1336874	404770,1224871,274862
104342	104343,1137470
215391	360137,766511
24968	183771,434662
1335373	311126,235804
731461	902243,731460
1659388	614362,1250324
347850	83826,2894
478775	631321,849679,768247
543531	168595,737711
60787	1097,833259
242262	242261,591410
242261	242262,684974,1343026
936983	824722,105852
62664	62663,281016
338943	1555040,342609
264430	1473405,1036364
246081	181594,270060
4709	598587,83999
538422	6306,831033
763510	942975,165662
612988	1051527,210235
106868	10034,694700
1232887	237688,52509
132429	758575,1414759
514868	1603681,514869,810798
544604	455959,9754
1160261	828400,193461
28848	518527,38042
420446	153998,209893
566049	372879,235019
451945	451944,1105866
710093	710092,259554,1002759,1053057
766704	497156,556004
171843	135794,31099
82593	143823,7146,267389
253008	376951,114605
298175	562120,83523
143024	867840,143025
536479	781305,478591
193281	16554,259369,556427,466091
191574	731085,614914
908293	1439425,384562
335815	211921,335814
703170	913072,490778
82755	1040730,803716
1103429	557907,1848584
134215	163923,285659,227961
469996	44387,521046
353374	353373,1033281
404203	653598,288400
295658	295657,1206780
295657	295658,57018
37394	560393,902141,629626
1315846	582217,413646
718912	1409511,39532
653598	530288,404203
178631	133528,1125462,646941
415032	187790,415033
935512	1042239,1528449
238967	29521,57977
103794	99965,681531
382852	238902,382853,217018
333084	1406282,504926,160588,780996
308084	265289,705544
315144	127284,1244935
508212	108110,143863
383456	35202,179301
86046	1417554,1325962
783199	104545,345891
1194125	77065,401042
425575	167022,891488
51755	299282,22644
82904	117305,357517
286825	133183,362056
268661	540358,899339
38484	1220305,483738,129856,499190
904277	1378071,811290
644882	421538,577295
60500	370324,48617
235660	1215973,60349
1143566	326494,69932
64423	539610,329834
124458	460056,405730
246366	1172751,48550
205305	339374,239748
499940	351468,131818,306043
373013	953783,373012
850641	657505,63782,1071358
10794	10795,188497
10795	10794,1525861
1363182	783420,461752
10020	10019,1609062
12339	154032,1105500
365923	365924,875698
444769	490531,78724
142655	186435,1579836
455381	23976,347893
160588	333084,399475
317150	1047461,733158
224675	764962,224674
230274	118843,779582
145199	352066,1086921
110393	472143,110394
140019	1589487,240367
1217923	970648,136101,101336
458711	1166351,458710
933368	188346,1513501
592522	196717,148343
393265	38677,193436
478924	698479,736310,826670
335877	36755,173248
922096	345816,51830,922095
214230	1159379,673955,419920
21055	309415,903806
245957	313566,1386550
427859	393333,61825
1250664	251797,1049936
416846	595308,200277
322763	1005512,322764,383404
3287	646784,902256
13215	1436902,63782,289658
265443	910794,265442
1327380	39567,614950
195089	617567,323320
179695	268662,834461
1417554	756638,86046
67291	172012,730702,57040
630057	180865,398145
72140	97225,461859,394978
237901	799621,128003
528666	1571529,921565
482719	424261,843430,424036
411994	5377,1769830
222845	289297,768252
698068	443340,384562
728554	1405430,843284
500219	500220,1523637
58033	9393,613285
733158	2036715,317150,48228
750113	750114,755949
1478396	604878,841913
92932	1182969,1547466,992351
93513	266224,93512
472361	741794,128790
662207	1772655,304408
99348	532589,227993
791195	526174,269991,1026825,642893
97343	566432,798980
11357	302517,258760,1227684
800147	815010,1595191
509558	202712,535383
1130517	1049885,1947860
123426	123425,78546
180865	393781,630057
190388	274249,452510
285097	935403,10411
1141921	42629,132675
708374	330423,463031
123689	957114,503972
699262	123350,1599099
217966	839104,870123,734421
291270	291271,348319,192650
662060	307675,2047357,662059,1315374
27523	474917,980967,232402
115168	414062,217759
185368	760537,819729
830721	1055316,836067,325985
15186	15185,571577,256170
325985	892809,830721
1010268	1233495,172858
755151	1689054,432600
916470	850337,42008
424528	1075543,704609,1465336,704610,1539663,1069804,6306,831033
1349227	5170,505321
783782	701214,1398471
149977	452295,22949
991342	991341,546575,18740
185457	3423,182335
923128	105281,731812
45555	1012302,16554
57165	1754088,450198
522680	851387,127167
289371	362212,571704
1048033	1048032,107419
143823	323320,1019864,82593
39892	1206354,267439
310805	854918,5337
99661	197863,31209
323832	454372,96682,628737
323682	530288,269895
8789	8790,96642
678800	535113,1608312
568219	284030,728384
187786	605583,239378
1748599	456996,304175
1037260	86688,181219
1030943	1243952,1418166
1061047	1061046,613130
31099	31098,171843
443060	56379,1643611
177324	177323,736396
1375962	548874,886021
327634	135812,327633,263788,958554
309793	97505,762084
23934	109550,213995
597166	261198,364655
418203	9730,1223916
314376	443357,314375
139361	850111,71183
293343	93755,417423
105056	1174442,704766
390360	103618,465075
185375	122211,558810
85995	85996,11225
362601	439367,1118283,609002
1090975	607777,1193935,427154
768247	1595133,478775
948438	24274,177110
808643	864997,1301
175219	490777,1161812
430722	141318,676000
108815	207847,340074
378254	910593,662056
1125118	711116,468073
342453	36329,276186
51538	196936,417554
59049	209726,59048
217018	382852,405774
401042	1490201,1194125
92213	591005,697656
78298	78297,953971
286965	174426,755683
1051712	168596,1051711
1149607	119834,1277552
400398	638789,1732273,302442
166394	293017,816394
650295	650296,646627
141090	950567,243456
844644	779988,782491
613991	152397,154674
265481	429357,986944
394383	41431,111670
384310	11218,384311
596043	141318,819902
111211	511978,913352
71183	28416,139361
899632	141279,835978
604626	452023,604627
11144	362162,53933
1169649	950671,914114
628559	1494746,1093298
1031560	822664,102460
1011308	1134069,1008454
88755	481568,1166741
634787	1509154,634786
224450	325943,1594546
398164	167851,766578
150238	196160,136403
221210	221209,354211,585278,80714
339891	10505,107129
301019	155335,842076
314252	366857,798324
27363	797402,1592413
284030	829006,568219
99306	684606,303908
376182	130657,246946
30080	1631626,30079
169859	1935399,984569
436737	256064,716997
700343	663643,700342
1753330	822216,872491
781507	276592,806451,229719,800201
653277	725866,1307711
521562	886496,284818,1641691
71816	120561,991728
609672	1142257,609673
202712	509558,572425
285141	127013,356785
570100	28251,71142
805574	1229919,1669936
800099	142805,404423
418767	76563,180876
178117	178118,254224
178118	86700,178117
446233	574606,631564
259554	791960,710093,759125
373211	1421050,643430
131118	262202,1240969
682161	906555,697308
127013	318576,184866,306390,285141
277668	1628919,113433
653717	368296,522187
403506	403507,855990
486629	176247,1027606
573139	798732,879401
122967	122966,7019
20748	410748,88279
90792	468503,90793
90793	50428,90792
205493	205494,623211
251179	99333,388109
542030	336829,102808
134167	247470,306352
54021	544851,105095,454307
855990	403506,46622
139020	218108,139021,238306
123565	1464909,1738734,1042547
680352	678982,186962
892075	919323,79190
971672	141280,971673
971673	551397,971672
199845	199846,852727,877924
30634	808073,30633,1050966
884703	531488,501545
142373	1699474,1781016
742998	392879,844268
331667	850230,539176
461250	112695,526936
102251	102252,908980
34371	668908,171578
232866	994822,872527
197201	946681,105421,1566922
369729	190010,161316
186435	907612,377164,142655
111232	1115169,111231
287159	378307,1321618
628850	470719,1726783
647579	14561,657143
98670	239408,481281
223029	852412,687392
153704	735394,690015
187656	384314,531913
333236	1077406,139953
531488	884703,1202360
61772	1611936,833524
42800	152849,556427
333588	1904868,333589,1471834
12751	1356348,12750
391102	49978,39436,34885
530288	653598,323682
919162	1161121,29313
53727	99102,592723,945672
1042607	1042606,1008145
112948	1081480,896165
637215	1266070,1676919
614362	1659388,1552272
1087926	1100635,845318
113323	684606,133707
966354	170353,568395
122399	251783,203697
1148522	646465,1034253
136101	1217923,845683
360394	244678,793421
31209	398291,99661
258481	408038,13863
541334	437629,126379
343526	343525,1217074
8181	1109205,129856,312063
182618	1075177,182619
223230	755048,161576
22644	51755,425538
120630	65181,326383,1172205
1332366	1269065,273423
491521	834082,136180
22029	22030,318569,102591,392075
443357	314376,1069747
545543	27288,91446
968833	14357,351060
1074324	334771,1052266
1194609	1194608,31103
177110	948438,272677,953455,173377,647616
98111	302470,871951,367386
562318	174401,866669
60793	60792,179493
498405	500660,17057
247880	247881,99445
911764	167770,911763,1259255
523023	230411,1705275
386873	430559,463249
436363	1058420,915522
196655	196654,168332
10505	51890,151560,339891
546575	991342,18740
719953	154581,1030183
1592413	103633,889773,27363,392075
169625	224306,99416
435857	332293,432304,1210983
108112	795017,1189541
388755	983094,647051
730313	1224871,274862
267389	216212,82593
370209	1038424,1469787
47019	740964,37835
1214152	736310,747987
25707	25708,135492
1143733	451653,911286
308281	515833,590197,396102
741500	244515,392424
334483	475059,334482
152738	254580,18815
36027	23071,963513
312830	64296,395688
1085277	434001,1601119
1143901	1143900,414470
125478	339238,178339
49334	1065136,244589,29328
200029	135978,189021
157008	642016,126005
1251704	1235496,1407555
294223	64739,599689
22820	1449800,155940
152189	728138,152188
752107	700616,646721
808008	942147,63716
569426	89132,1842162
614466	15777,1572807
238669	9704,211119
89953	1370729,564789
566084	1765917,746629
398185	776681,214555
1159016	798731,174546
516784	360108,893843
466091	193281,559869,53850
111577	303712,653540
377955	314779,191557,377956
443340	698068,618415
919923	712892,424844
105852	88026,936983
858603	1138943,1294898
839570	35233,1380109
40646	40645,83883
110229	120861,885365
94787	1035843,89994
885659	885660,150696
886431	341160,450543
166849	473734,1564163
604878	1478396,449239
105376	944335,160157
97480	460033,1489191
8874	1957215,1364680
1233588	775474,695647
219069	912607,774243
765834	238855,13080
137316	946216,137317,1682451,1273667
570285	1483279,509453,290376
207643	771902,129935,654739
1060930	174898,1259975
30365	1332920,30364
30364	30365,531499
681413	681414,240009
160443	241209,160442,1350153,14357
188497	10794,188498,1254711
474617	1529269,1940744,1587510
8186	1485157,8187
48867	625391,136812
206519	160144,417611
417611	206519,305392
259896	1550823,17511,1474205,1482842,1935736
128053	491690,128052
311106	601830,473388
708856	319449,989448
546359	198202,393347
464268	1137388,163502
1585973	502198,811216
186899	751008,295382
1175766	1068703,158114
3655	3654,112154
94290	175445,1035904
1003912	1180000,939292
1006899	429920,10034,395078
333936	193592,608100
36295	777038,899481
112672	456134,426901
153300	643263,120595
112016	144299,148065,1309253
492442	248273,1188892
708530	224581,96930
1687540	228560,470417
9394	1005295,1575793
99762	1171862,573047
552952	47711,36054
482680	1244725,866529
326383	31557,120630
1047461	317150,904466
367811	682524,218966
740606	1685458,448100
1006639	268146,42035
108099	1737367,108098
22359	186362,335565
793564	951459,322574
477885	1661794,1488287
160785	650438,160786
223076	676062,974443
358925	1071907,1718156
77071	148571,1917943
675134	1318278,1291026
321505	1614536,406106
121903	1034695,1580484
340074	108815,759469
503825	503826,828261
505613	986099,475852
154301	678436,484006
1022886	1055651,775385
36356	16782,870866,179931,444501,239690,492696
795659	868833,1215
743555	1712168,687274
436328	61071,279657
669273	1089740,669272
831033	538422,424528
22983	614390,93723,415643
981020	981021,1298491
728222	321919,1484768
292419	140036,376728
257452	1531530,60884,104910
1400789	463687,46792
556427	193281,42800
1957838	1037744,168948
435890	617028,1542715
275292	466211,166909
526957	880837,721046,544289,1306222,183476,1378361
303447	623410,330423
679532	502323,755048
371137	437981,890458
91157	136215,348010,129133
130893	1532414,551408
294861	698515,355000
1109073	1874582,1941330
181860	389828,964777
279773	125829,532504
19492	685609,87562,69932,6836
625790	416236,625791
5659	10483,5658
88892	239661,734403,88893,115471
56402	268894,846238
73492	478257,90352
338432	673507,398606
117555	305311,625087
59194	785,147490
476133	554868,1316551
5838	194079,89138,128155
1107431	398545,229630
25744	532149,986859,1399734
465075	562480,390360
49519	492654,761971
150671	1012439,172814
121694	1082920,121693
690821	1045213,964578
1363806	1349507,535101,1392195
796515	796514,844981
98216	98215,944695,173131
958195	586056,435056
832556	832555,776239
445215	84262,222988
96272	408533,31278
13337	13338,837870
339374	205305,256673
101336	1217923,159034,633666,101335,835978
266796	266795,859991
48393	483630,886875
879401	200443,573139
1454937	333258,94297
57977	393311,238967
685693	1230933,1387339
471722	362212,1343056
1045667	1287,112171
892809	261986,1262580,325985,329423
275333	128313,275332,575991
50842	529811,408050
431166	1094807,995347
449895	48838,1348254
348265	325692,1127468
1116343	26387,1276079
23976	163988,455381,1288345,1420106
382201	1640166,417308
127781	671535,131860
420555	311816,820721
494780	1941883,328662
105150	308843,976198
39856	33112,1142137
229921	1180835,229922
85883	25204,28556
93858	115971,649682
16435	4590,17171,1438907
708036	221209,638578
185880	184753,738263
536329	986944,664132
232402	782507,27523
1307149	232953,116748
445799	428080,86274
330423	303447,708374
109599	109600,275661
41036	557287,41035,371691
245634	191482,245633
933449	681487,1119222
239690	1932036,36356
706417	1951616,1215844
236735	54348,1115604
245090	211921,296455,245790
673139	630409,109796
881787	688501,100995
189273	564003,73639,285210,1705414
397807	965527,397808
155777	962379,128479
424082	478551,297613
308199	558812,308198
545625	154931,545626
150696	326825,885659
646627	650295,1665168
1727756	1472495,692996
114624	595026,1407592
1180560	121451,1065880
297043	595308,388294
678744	386874,969773
837870	837871,13337
1379871	829771,266411
83594	199281,817550
644440	1087586,1537017
824627	1528209,1949531
418466	660056,198911
210235	449885,684703,612988
761671	260563,496169
164591	49662,184945
129133	91157,99236
1308574	1266033,1436149
63147	418280,1108087
23142	55868,798474
744442	262903,839687
851557	174924,92751
315887	474618,156890
58427	1717717,940798
164738	2044368,1810316,164737
197147	643865,708093
174873	808232,174874
174875	247747,768727
174874	174873,747924
92830	202936,92829
279640	894889,1344141
11218	102173,384310,417391
431859	926398,234020
707236	707235,167026
314869	544764,748374
1527153	557744,36949
82317	82316,956444
259907	406761,1165098
99575	313670,1351471,656908
190422	533081,578183
35759	601850,177731
687307	783915,1293362
104620	194079,11108,205655
7289	66592,67629
308830	404719,255007
61955	705901,2047531
307414	342606,74839,24268
159110	214515,698561,675583,663794
481271	1700784,466735,854487,846362
223496	1104633,223495
190066	714802,586131
190065	974443,172815
591463	1081706,994010
249920	164042,1193157
484533	484532,1375024
1254812	1542950,2089629
142685	12030,512746
757748	1390620,222123
814897	814898,256921
330409	562979,423821
584397	738845,1064239,138611,1373677
1420106	1795791,23976
761427	49404,782727
355603	216142,1239025
516825	960762,984358,188326
774232	1436902,55463
699075	1360931,699076
1463031	141922,622230
109711	1042394,75214
42987	1280938,1508170
171162	1779292,1468553,1494818,523773,1519692,811072,199560,1579120,171163,1770116,1640352,1481889
178784	825681,1097
91806	54971,942681
664607	621804,1669547
159479	884313,674602,227961
508096	27288,891630
595308	297043,416846
116461	33180,35394
327129	299666,152582
116467	116468,199916
118116	1536549,663563
1072725	5909,657941
165543	97863,189021,1003495
168024	1602887,610542
846238	56402,394608
152905	403998,982034
344907	258839,70450
41502	895141,397266
6324	412936,179030
1122069	1927609,199427
41001	60671,550842,234093,369035
95633	1830751,243080,95632
1019864	143823,1140410
80925	80926,552310
504913	254580,168934
811421	291213,306602
437220	437219,325924
67244	1984737,300908,225820
1026825	385733,791195
216212	356101,267389
536881	1224271,495621
297083	161933,356400
170040	924009,535787
411360	152703,1191049
171578	1071819,34371
14357	160443,968833
106973	226088,858555
852538	1471596,438315
1044263	81459,649279
355014	427443,14524
460242	46321,484181
323320	143823,195089
405774	478796,217018
109038	178268,634428
1066613	1162762,1296846
832747	1396937,1285918
132468	148011,800367
24992	442542,9363
1112158	1842756,1112159,1763738
894649	680373,877092
298921	74601,152747
281323	85416,1045216
81897	200506,39676
167022	425575,1132367
71642	435624,1173322
52712	352471,202728
222123	757748,608247
118910	316728,429045
538253	281746,1798331
892475	73626,572402
18617	370430,498645
1559536	562815,418790
62663	74839,735762,62664
451259	448120,1431044
1239235	1239234,1000405
1436902	1007861,774232,13215
156473	648438,184866
950367	21382,800255
195970	922337,1195993,555545,195969,1275090
259369	193281,122541
435102	988479,131861,435101
503364	546258,710596
136442	22438,1635741
24435	178461,429975
449190	449191,337524
391940	642431,547282
117867	163419,117866
51890	10505,122541
991421	424091,695236
706970	1028240,1473378
377164	1423774,186435,542103
218179	41946,205213
707007	474917,289248
42041	658302,976372
641351	69915,351304
716919	481846,1030183
6306	538422,424528
10133	593255,372641
836300	324963,445569
84048	107481,1220971
54971	91806,816560
548100	1340777,407619
125235	411444,610540
528648	768878,597132
41027	884550,41026
84262	194079,445215,159637
86688	1037260,710693,889388
483660	1940645,1103014
1071358	850641,657505
621804	1244135,664607
339081	828035,363424,983677,614155
172706	803638,36622
725901	937370,804252
960762	516825,206404,1071174
207371	623427,281962
27281	469420,575709
27288	545543,508096
755286	1029528,813129
74839	307414,62663
986944	536329,265481
358612	358613,65009,11354
558810	558809,185375
440555	629214,1346917,2051007
873440	897305,1752393
623386	172835,300373
799270	829208,123492
11618	500267,75186
58852	18420,741387
1647924	1842903,234048
709894	1581542,526835
128722	1568930,128721
122541	51890,259369,918725
110524	168978,641109
76396	76395,516264
123492	1720309,799270
221209	708036,221210
703829	473559,523168
1511523	585490,616485
815263	738120,238186
774634	974165,5395
657749	998799,319083
582856	323876,18076
452862	933568,185698
1074028	130970,503484
1789998	576026,1380345
467485	268280,467486
44136	44135,45016
668313	1344501,851802
43803	647772,974980
171892	1647139,1497170
357517	156576,82904
429056	543517,429057
694193	746574,22774
277162	1115770,277161
969773	517510,678744
107419	1048033,835524,862395
574257	141709,637943
113433	779429,277668
257532	500953,1108278
49404	49405,761427
49405	49404,868885
463249	321016,435891,386873,46867
445382	517909,333264
137211	346646,137210
575286	177730,354365,75301
1696835	1236654,1245040
237469	53818,321896
34893	1298962,354704
395829	33112,601609
844187	1112504,1324398
1022100	59782,635725
482488	198813,284818
361288	836067,674798
394997	394996,371894
1406237	1253593,1406238
382757	843381,362921
389829	921432,389828
673357	86143,997715
29607	575373,441771
691162	264611,541554
592902	1043751,415075
52936	251498,37248
224350	221448,814183
215921	215920,421181
418299	166718,377380
548461	893820,846173,785069,34428,208807
391021	336172,92366
21382	950367,41711
790614	99867,624589
723705	909173,73979
1054220	510235,490714
172364	171867,413122
64328	309311,51288
434923	973713,465015
278466	611325,1117675
300373	14290,623386
213995	1453459,734392,1409112,23934
1376206	551740,886896
18436	10034,393333,1894228
637862	637861,1291101
58919	82087,206087
1776279	519559,1263624
126064	97100,152132
1278652	1996899,1842596
1141273	152253,173248
434548	856546,434547,374634
981404	1093354,405375
435638	158441,390377
144565	919337,140466
327535	327534,724205
842076	301019,534629
107272	99982,1089653
526754	574414,1541417
736310	1214152,478924
1348216	98090,126052
343593	1107873,343594
688668	514646,903597
241478	568779,755048,161697
11354	358612,27783
651992	1788024,890978
573090	1011111,807459,406402
762444	1016199,1314251
777301	298067,231801
866419	1567340,683648
42008	1137767,42009,916470
733532	623582,1296495
421260	1109217,1424113,168678
135794	171843,204704
443878	443877,1377602
230270	298743,368526
953455	593373,177110
94770	581562,94769
953453	1568227,248824
477248	447917,1814315
526174	23002,791195
1287	1045667,391439
574606	700652,446233
574603	539512,283246
859420	729415,1250235
114184	670220,114185
19629	163988,1699491
155693	218036,864345
189021	165543,200029
813261	1464987,813260
582555	2078245,1096467
141279	706526,141280,899632,850070
1065880	1180560,1065879
294453	202249,80365
309707	1428162,640942
382074	382075,362600
1149715	350506,61507
297819	1596406,200040
39702	277059,433308
231801	11194,777301
83999	818583,295412,4709
107621	156132,343320,1347930,435628
226185	163224,226186
226186	226185,583928
298767	586573,836782
160144	206519,160143
919425	698561,60042
1064454	252026,218284
1002	684383,353409
705090	1650602,705089
597791	1338400,240805,873850
28251	1731882,570100
1169710	691463,696531
533846	414508,490493
245070	748836,30922
306251	306250,1377705
420471	655771,144703
77568	445100,1052906
544621	634380,128212
240510	240509,654003
1013588	1305777,131704
120515	1416290,913125
839104	804640,217966
503484	1074028,237261
392075	733737,1592413,22029
383148	244679,802963
56089	910297,56090
69658	593714,824446
1117579	108107,1117580
350942	981120,1620582
4976	1508265,1922294
493407	331902,1787427
656752	606746,1149086
428842	38632,1415566
68013	159763,179484
197534	197535,1583309
368795	5537,615823
587276	587277,812619
565354	1674847,811544
369371	369372,93018
1042227	274739,80066
161933	297083,85887
618501	402099,762266
328433	328434,1052132
347982	18140,680810,46313
123862	1013295,368734,214087
89739	70510,701867,1293362
591410	242262,602911,1343026
418280	296164,353846,63147
29427	194079,61495,2633
453964	1702439,701182
574195	121882,1070160
35102	208734,732881
31150	1182780,926505
170628	329611,1075135
366518	366517,253279
374643	780858,1344135,1034455,807476,344235
1350153	160443,678747
310416	1039359,18278
429920	900479,1006899
308895	308896,827753
551038	290773,106859
1014703	1014704,403681
1281300	481649,1808932
74899	586033,1596602
93018	369371,619729
339801	453062,713683
362212	471722,289371
303712	111577,1542495
246371	246370,691862
477091	155822,391327
146709	10034,146710
820464	494260,77065
16782	1642886,36356
254580	504913,23188,152738
456849	1788357,498020,666003,456848
944235	60424,969586
1454435	10034,285025
10035	10034,648632
10034	146709,1006899,384561,900478,1639668,1435327,1454435,106868,18436,10035
436038	122677,2006841
236304	236303,321373
865199	865198,676172
37248	69475,52936,543185
923197	161312,2000143
694807	1419218,212952
257859	219938,25977
793488	84728,204200
620238	1216663,990314
717268	164006,840680
300895	92146,1721808
398792	925329,276534
756549	1890052,80020
228286	885915,1558395
823737	199496,135256
306390	18812,127013
20447	1082955,816268
604627	471684,604626
188050	59823,720666,1163852
253745	560025,244884,1195420
683908	1631391,856304
574414	526754,382093
95521	150091,442590
105762	717061,408385
357975	87645,1412046
255633	300645,7757
74502	837530,148191,723757
192650	107840,291270,192649
1003204	993372,502761
329038	329037,1946370,253958
106039	777904,751578,362494,296532
214986	214985,650173
74601	282276,298921
534331	31658,321600
306628	116746,679098
80984	432304,284725,1420853
577057	125720,1162554
434440	1364377,219387
446731	297109,50697
945065	945064,515939
263674	2062382,1670655
1144077	914658,1144076
1914975	929826,523010
429057	429056,490688
751523	976743,751524,1320693
759060	18815,327543,671339
360674	276593,394875
107319	107320,539738
1265542	1192169,1265541
261986	892809,530276
588330	189781,16094
631564	700652,446233
56182	204104,623901
38850	995021,755816
1220305	655647,38484
840847	1305527,1066749
232691	1680539,189977
125829	279773,125830
27917	568060,439368
80066	72879,1042227
512815	563973,1749686
190534	798050,78783
99139	365096,307957
204375	204374,428150
414470	1143901,714410
95264	425702,676327
12348	1121633,483513
1028830	70145,461369
33291	1349441,881893
508786	265575,1078915
140440	1180003,113327
893543	566926,1102982
30126	1637524,244748
151490	247193,31132
66875	887187,251760
127318	545599,127317
185082	438324,1377136
262321	1546991,786808
359605	54900,1518281
407851	1662156,1260219
1407592	1407490,114624
16554	917236,193281,45555,546997
193436	393265,979547
150091	95521,981721,972951,23462,1298491
69475	37248,69474
187835	1226387,187836
586056	424513,958195
579630	579629,702106
1781577	613900,768687
356785	144412,285141
884313	22496,159479
138214	53768,139636
478551	424082,1348985
1588987	892597,122961
1117463	853471,741941
232189	57148,277694
1500099	322093,365148
325740	1395794,625434
432304	80984,569711,774243,435857
850337	915565,916470
67284	721047,17995,600062,1353714,180360,652649,1172205,200571
563708	563707,153779
187790	333240,415032
1161864	109334,1161865
722147	68590,1206071
183476	526957,595222,704269
225803	923772,300376,816395,857391
298991	117154,246720
966376	789350,1119962
161697	1541604,241478,4790,124480
896126	167511,651663
383404	764962,322763
819729	1499381,185368
603515	331138,149756
858069	160351,1590557
35504	198783,680373
35503	372442,731460
474917	707007,27523
522550	767884,302235
127634	576513,249386
623582	860793,733532
359670	35894,30636
1717717	58427,63782
1073158	1868355,92897
118266	460863,892947
166996	205696,200905
499190	325425,38484
871898	586227,1592192
236342	592688,989930
70449	70450,813346
764962	224675,383404
1204713	240721,75131
316862	327367,239918
1056175	286207,664572,1056176
818116	578157,603999,301461
106761	430193,625032
452295	149977,277466
378290	375670,869044
258181	645016,686458
306352	497701,95176,134167
218935	731343,475789
276541	276542,1216588,1298623
490221	221054,1139565
1307286	132928,660112,1303896
200278	200277,98856,179070
718731	421873,599255
822799	65830,291922
922245	362823,545718,242409
249386	431561,127634
843430	1263326,482719
548831	274704,133253
767557	164753,1558603
852412	223029,302235,911357
5412	207606,1341421
244589	708281,49334,932519
997986	1705509,297387
536402	109037,1205104
124765	124764,962024
120861	110229,998540
102903	102902,196591,362084
601462	101780,1122169,849236
469936	1107211,875854
710037	1889377,1975775,1885754,460756,1986905
14290	172835,300373
1139565	490221,50586
473900	888468,305586
15529	265404,15530
1470457	437783,977844
328848	323456,1262988
238281	930879,1300253
399343	161783,17910
694781	11213,190994
461752	91380,225907,1363182
318576	127013,356784
341992	666221,341991
594790	1184057,594789,190727
225820	67244,485770
348319	291270,780153
195572	765416,449880
1069804	424528,971817
836067	361288,518667,830721
295836	30858,277413
198585	302774,1526991
346646	555921,121983,137211,36622
645325	1820391,679455
392779	645925,1187789
368296	653717,378418
1032466	1032465,1171782
170953	229785,178575
308198	363886,308199
71730	95865,1700029
300831	575606,885830
66838	1623293,855296
1090031	1567821,891187
318966	895235,751691
497214	1100429,134509
46228	584026,118708
207847	47664,376082,108815,344551
447400	823039,447401
35773	330638,248288
35772	1903384,1836728,499968,1287803
22690	841655,172829
435562	239436,557720
642893	791195,181487
276414	424297,276415,674307
1302160	1290266,1510152
141318	430722,839105,515897,898922,596043
287574	461859,12337
249716	47711,36054
680810	60671,347982
133491	838445,133492
172006	291514,851787
679098	782507,306628
248101	868509,248100
185698	452862,1101242
140401	130226,140400
140400	243426,140401
149416	164415,291463
33112	395829,39856
823894	1724021,1539917
1172205	120630,67284
407563	644159,1500637
29313	919162,706154,44901,1366867
167851	627831,398164
561036	561035,102431
1234884	553870,56338
284818	482488,521562
178339	125478,29521,137452
910794	265443,1158318
731343	218935,1506550
935580	1591741,1241943
475789	218935,1351471
876246	1246916,498533
112784	280387,883793
362823	362822,1830872,922245
1067979	1178968,377645
784856	784855,497092
455959	39516,544604
479493	832370,341791,337624
300645	255633,82957
234093	1441490,41001
900478	10034,1401135
900479	429920,393333
8482	73518,52391
8487	47711,36054
398545	1107431,1672666
